0.920507
0.336046
0.751908
0.942479
0.543889
0.592876
0.95392
0.856675
0.885608
0.893314
0.901406
0.596426
0.871361
0.558638
0.516081
0.870735
0.369977
0.895856
0.328699
0.979857
0.86883
0.952773
0.961924
0.964407
0.610735
0.920936
0.260838
0.872561
0.506688
0.908821
0.965857
0.910922
0.949759
0.643561
0.873457
0.960423
0.629612
0.98421
0.703148
0.79728
0.974611
0.486992
0.864682
0.712487
0.96335
0.789167
0.903132
0.877887
0.832371
0.168509
0.45584
0.79778
0.805609
0.930137
0.797173
0.562525
0.843441
0.764043
0.933452
0.918688
0.758256
0.97283
0.830381
0.767297
0.876393
0.925801
0.906366
0.585926
0.552475
0.639977
0.861203
0.945635
0.817973
0.316942
0.21465
0.9127
0.756402
0.983946
0.815608
0.84882
0.987257
0.513616
0.79497
0.736762
0.743581
0.777246
0.852042
0.902113
0.892196
0.432729
0.910763
0.405794
0.893112
0.881468
0.618471
0.92708
0.695473
0.420777
0.772847
0.966829
0.742908
0.735491
0.540311
0.934713
0.906139
0.738944
0.932065
0.964225
0.450529
0.863628
0.903423
0.961056
0.927752
0.9817
0.920167
0.951276
0.969798
0.955984
0.625475
0.953636
0.952044
0.929065
0.875683
0.95029
0.954833
0.319517
0.487158
0.968443
0.806714
0.312025
0.625872
0.944816
0.525233
0.661024
0.95117
0.827231
0.768288
0.845798
0.953457
0.526777
0.694956
0.892388
0.747578
0.497313
0.896899
0.889405
0.915045
0.884697
0.638537
0.727325
0.913906
0.19813
0.880069
0.618857
0.956385
0.539318
0.966254
0.904786
0.520352
0.723797
0.778565
0.871008
0.930391
0.518142
0.831676
0.954151
0.88296
0.930505
0.84379
0.957451
0.987093
0.913322
0.946096
0.919019
0.750927
0.772597
0.730712
0.96058
0.634356
0.935981
0.882366
0.796568
0.835923
0.710414
0.848256
0.38618
0.787405
0.965264
0.205279
0.797466
0.625997
0.893372
0.887483
0.548445
0.91818
0.945449
0.808401
0.944347
0.548415
0.86161
0.804437
0.880008
0.562557
0.941178
0.972095
0.824304
0.927571
0.963492
0.925186
0.794794
0.744144
0.720363
0.394646
0.903432
0.8535
0.872569
0.888943
0.60839
0.918541
0.927597
0.965173
0.909375
0.945936
0.943962
0.955786
0.831287
0.902926
0.920836
0.846668
0.852398
0.924855
0.978245
0.92283
0.977044
0.467338
0.498933
0.98014
0.8646
0.914736
0.977701
0.922584
0.855815
0.959172
0.664373
0.928939
0.911955
0.893801
0.521959
0.821994
0.89654
0.97251
0.847446
0.690596
0.496168
0.926285
0.82418
0.860433
0.917842
0.671666
0.71591
0.684566
0.938134
0.701969
0.82369
0.925511
0.974139
0.872704
0.97483
0.911591
0.925049
0.823869
0.961574
0.842534
0.956999
0.952607
0.965352
0.782229
0.758359
0.873671
0.952313
0.931697
0.806996
0.627681
0.809953
0.748443
0.141031
0.697932
0.873107
0.965057
0.959695
0.751787
0.673778
0.274532
0.681381
0.892251
0.688385
0.617206
0.693625
0.959918
0.471416
0.938091
0.964833
0.957998
0.920209
0.17489
0.295813
0.820327
0.961347
0.943844
0.954519
0.257557
0.978391
0.949395
0.983865
0.986359
0.914396
0.984308
0.983833
0.96223
0.606589
0.512999
0.91837
0.861604
0.941729
0.690856
0.847145
0.966607
0.944423
0.838678
0.694478
0.949122
0.987541
0.96839
0.965638
0.705182
0.957377
0.76505
0.301571
0.203756
0.617848
0.829074
0.750555
0.876981
0.607529
0.973936
0.971396
0.863815
0.774808
0.898495
0.908289
0.263336
0.942059
0.969568
0.976288
0.979953
0.395685
0.895154
0.952047
0.626861
0.956525
0.861386
0.137728
0.954683
0.974188
0.972202
0.927709
0.98292
0.491169
0.598178
0.941269
0.95247
0.912349
0.889374
0.23055
0.895386
0.850952
0.723982
0.514819
0.69196
0.694346
0.955974
0.958576
0.919329
0.310352
0.986865
0.883297
0.914816
0.400156
0.799223
0.981068
0.565976
0.884286
0.987886
0.69405
0.955003
0.978993
0.890977
0.682687
0.644344
0.941495
0.373299
0.874514
0.905931
0.677879
0.888848
0.908541
0.697616
0.857276
0.668659
0.859911
0.278045
0.982046
0.711058
0.196928
0.696448
0.976904
0.788104
0.971345
0.973375
0.654382
0.68542
0.827316
0.879442
0.881915
0.894259
0.745755
0.776974
0.727338
0.571367
0.890053
0.90791
0.524226
0.634891
0.912872
0.804396
0.646082
0.912587
0.791381
0.922794
0.857852
0.921341
0.96939
0.475928
0.941126
0.736335
0.957411
0.776508
0.959236
0.659549
0.849207
0.93801
0.488509
0.912029
0.950126
0.892098
0.96839
0.552753
0.953719
0.957483
0.879953
0.893156
0.969767
0.878474
0.964132
0.646533
0.885113
0.607737
0.5769
0.866758
0.914612
0.39269
0.502273
0.898037
0.836626
0.617992
0.79889
0.91051
0.933089
0.487231
0.823536
0.757304
0.720368
0.880181
0.906665
0.90493
0.313536
0.960429
0.96167
0.910193
0.926537
0.936682
0.758035
0.62065
0.877774
0.903618
0.617354
0.889846
0.94814
0.98212
0.758098
0.977469
0.973041
0.97989
0.56105
0.808094
0.390098
0.972034
0.849181
0.642179
0.413077
0.880039
0.277161
0.431601
0.962206
0.917188
0.901845
0.905314
0.908386
0.0858345
0.934119
0.977934
0.975037
0.584988
0.931179
0.926696
0.875205
0.771003
0.72606
0.957347
0.926755
0.980469
0.983289
0.956434
0.951628
0.756589
0.761208
0.938039
0.919504
0.840157
0.890179
0.538892
0.400875
0.742518
0.226049
0.908489
0.650378
0.902395
0.848122
0.813161
0.812957
0.934499
0.886667
0.909655
0.961891
0.963292
0.633702
0.625705
0.891791
0.944813
0.568954
0.933523
0.919429
0.969699
0.936123
0.979765
0.935733
0.778048
0.764324
0.930587
0.993081
0.89037
0.624424
0.968896
0.808976
0.264197
0.983761
0.31508
0.1129
0.925842
0.685041
0.941891
0.810707
0.936678
0.938169
0.734141
0.897134
0.882801
0.857604
0.9531
0.978385
0.806676
0.387428
0.538248
0.918926
0.912426
0.973194
0.959298
0.734681
0.981875
0.920743
0.995911
0.808701
0.964332
0.83678
0.396041
0.965398
0.779665
0.971983
0.508596
0.974207
0.333139
0.865946
0.591237
0.873372
0.959481
0.980565
0.933791
0.776327
0.503617
0.387117
0.896799
0.376313
0.612909
0.860646
0.745458
0.918051
0.818141
0.896739
0.943553
0.536296
0.264069
0.843312
0.876485
0.855551
0.986833
0.969186
0.230402
0.9052
0.942533
0.773655
0.928664
0.828776
0.846493
0.914914
0.515279
0.421885
0.269145
0.162314
0.813608
0.823671
0.39066
0.691431
0.81833
0.906075
0.900484
0.805081
0.93669
0.723212
0.840627
0.823825
0.953198
0.926033
0.759478
0.947255
0.697364
0.728028
0.861159
0.891112
0.937612
0.857905
0.207684
0.885597
0.886229
0.68841
0.933794
0.940334
0.887821
0.823523
0.965459
0.652441
0.988958
0.866996
0.794311
0.384734
0.677798
0.900708
0.548802
0.780154
0.957952
0.867324
0.953157
0.864926
0.952609
0.952825
0.715577
0.645313
0.975532
0.939391
0.762159
0.714209
0.315235
0.981087
0.650224
0.95047
0.270265
0.689753
0.944649
0.736761
0.51995
0.794479
0.72677
0.89866
0.545222
0.96071
0.592667
0.793524
0.400325
0.741286
0.290452
0.553834
0.95079
0.96167
0.940617
0.962639
0.969737
0.886855
0.969444
0.367513
0.899304
0.94577
0.802881
0.610773
0.775684
0.649072
0.938039
0.918785
0.972128
0.938071
0.874596
0.513304
0.44918
0.853752
0.817756
0.348281
0.376791
0.8898
0.976728
0.954676
0.976486
0.663077
0.945425
0.447374
0.971735
0.370228
0.97882
0.972387
0.69924
0.967951
0.987746
0.441376
0.845265
0.845511
0.916653
0.921944
0.394544
0.838163
0.978799
0.881855
0.948512
0.934796
0.942068
0.967048
0.926832
0.874332
0.887614
0.941149
0.858239
0.565073
0.974709
0.89833
0.685878
0.850608
0.916865
0.976157
0.916243
0.956452
0.871901
0.882307
0.833581
0.886847
0.773877
0.789616
0.972723
0.896823
0.917786
0.461317
0.533375
0.934581
0.313735
0.867321
0.876663
0.810533
0.597038
0.730195
0.736957
0.759436
0.483957
0.854768
0.489065
0.675115
0.800724
0.936617
0.721725
0.750252
0.807009
0.908626
0.735791
0.909401
0.919412
0.962364
0.479441
0.978856
0.946879
0.971085
0.965917
0.769628
0.946774
0.90481
0.570396
0.907194
0.675013
0.941469
0.863898
0.762997
0.902536
0.171576
0.417635
0.899567
0.948091
0.66875
0.959256
0.584806
0.918043
0.968625
0.902592
0.975286
0.938617
0.717079
0.916413
0.891069
0.920232
0.939196
0.970454
0.925279
0.408973
0.600141
0.779501
0.944889
0.957099
0.754727
0.643388
0.944678
0.829682
0.744536
0.125981
0.890063
0.925837
0.86212
0.949691
0.8171
0.685662
0.965097
0.797562
0.836181
0.835133
0.608097
0.967665
0.97372
0.826229
0.823672
0.55037
0.424231
0.792111
0.689363
0.623185
0.98166
0.940788
0.877771
0.984207
0.941478
0.833762
0.714911
0.746588
0.964472
0.919557
0.496477
0.961701
0.968074
0.9536
0.702526
0.821578
0.782287
0.573531
0.510552
0.795406
0.472987
0.720479
0.754851
0.964703
0.579897
0.897433
0.224815
0.976402
0.873505
0.983639
0.964494
0.924134
0.81917
0.781558
0.889127
0.666383
0.895795
0.912066
0.890456
0.966571
0.755765
0.964211
0.954476
0.986462
0.913591
0.960961
0.969387
0.873212
0.767854
0.651644
0.966003
0.795155
0.770037
0.958415
0.95523
0.944358
0.62555
0.941513
0.977866
0.916296
0.497999
0.945775
0.647844
0.845184
0.929289
0.612939
0.956372
0.984958
0.479778
0.976239
0.561648
0.937613
0.909877
0.850322
0.925212
0.936913
0.527992
0.497355
0.915669
0.752293
0.778505
0.0737673
0.950738
0.884641
0.398571
0.713028
0.943008
0.328734
0.592184
0.925196
0.831215
0.623748
0.524281
0.831627
0.88798
0.959859
0.426934
0.958992
0.917182
0.887596
0.934183
0.926655
0.486521
0.942052
0.670342
0.95159
0.862627
0.963085
0.837494
0.721013
0.968925
0.785146
0.936823
0.907548
0.88583
0.839429
0.912175
0.893499
0.534514
0.793569
0.548702
0.97296
0.925745
0.790193
0.61967
0.939754
0.830333
0.859494
0.224428
0.762052
0.602033
0.51222
0.785538
0.628221
0.882544
0.807834
0.545389
0.731499
0.942059
0.960881
0.975932
0.976931
0.161933
0.350122
0.982646
0.817589
0.984728
0.956808
0.97996
0.415397
0.976889
0.255393
0.682588
0.950431
0.965795
0.796578
0.763954
0.975619
0.835621
0.582313
0.962458
0.469928
0.554059
0.976824
0.693741
0.716874
0.699594
0.795557
0.872536
0.521287
0.52477
0.640883
0.927928
0.97933
0.824873
0.957722
0.968713
0.961488
0.876245
0.881451
0.98024
0.976724
0.936969
0.980024
0.983587
0.640487
0.888681
0.89374
0.95949
0.911385
0.958506
0.820127
0.977766
0.965841
0.978351
0.855738
0.275835
0.918158
0.817749
0.515444
0.0668458
0.268935
0.694835
0.876686
0.923513
0.950731
0.537061
0.189357
0.908466
0.572137
0.961671
0.951366
0.615598
0.862835
0.863189
0.823389
0.955502
0.912615
0.763079
0.877667
0.945302
0.931083
0.391703
0.817259
0.970855
0.97737
0.974003
0.753001
0.915635
0.687069
0.949336
0.870927
0.921443
0.669764
0.891777
0.946988
0.940616
0.544201
0.963711
0.946331
0.846638
0.959505
0.905395
0.874096
0.830469
0.723183
0.929565
0.835378
0.9855
0.669097
0.665726
0.734657
0.633603
0.832497
0.894402
0.956392
0.618001
0.692134
0.798083
0.937423
0.915051
0.783185
0.922467
0.827592
0.425146
0.766461
0.993278
0.945757
0.774945
0.920602
0.791167
0.85144
0.955003
0.606342
0.919583
0.876374
0.834098
0.818374
0.81432
0.886979
0.567646
0.514051
0.546945
0.963079
0.796917
0.298947
0.817901
0.939647
0.754753
0.889503
0.803739
0.919861
0.84439
0.933647
0.758885
0.931876
0.574065
0.977321
0.950521
0.50993
0.935983
0.576424
0.948776
0.875957
0.971889
0.969798
0.641794
0.501501
0.641207
0.954358
0.769994
0.637308
0.939814
0.448808
0.845088
0.899483
0.816547
0.740211
0.918412
0.397905
0.989357
0.95738
0.95559
0.990308
0.9826
0.978549
0.645023
0.970936
0.840742
0.917318
0.941906
0.367079
0.930218
0.629493
0.959191
0.921189
0.925541
0.98422
0.823642
0.769434
0.745042
0.561292
0.554718
0.636565
0.372645
0.599879
0.732253
0.522059
0.965706
0.980012
0.946176
0.959589
0.694268
0.976007
0.949592
0.351827
0.544409
0.41151
0.657595
0.899095
0.935465
0.494804
0.77404
0.654264
0.754291
0.81241
0.965643
0.835708
0.759131
0.763799
0.962323
0.604003
0.855862
0.960667
0.981302
0.709988
0.954599
0.81898
0.334053
0.892464
0.96697
0.896135
0.372824
0.957361
0.956852
0.93971
0.976127
0.95266
0.31124
0.939549
0.707183
0.77203
0.886575
0.155056
0.933723
0.96463
0.936133
0.985537
0.952949
0.777676
0.971433
0.601698
0.932958
0.871143
0.966265
0.406588
0.965058
0.306217
0.967583
0.971465
0.39212
0.946283
0.538109
0.0819728
0.747278
0.92063
0.237721
0.898206
0.626449
0.895988
0.926713
0.582991
0.885502
0.563856
0.38868
0.85007
0.852733
0.981212
0.856362
0.951122
0.954065
0.971953
0.965547
0.884697
0.900735
0.959193
0.955788
0.946133
0.673087
0.841033
0.923363
0.368378
0.162296
0.847993
0.904797
0.961695
0.532978
0.972328
0.914558
0.683027
0.963027
0.712408
0.370045
0.891854
0.925424
0.857782
0.904822
0.730689
0.728217
0.832314
0.479611
0.887736
0.894527
0.865584
0.8431
0.969382
0.974773
0.967294
0.978222
0.937091
0.935989
0.676384
0.601821
0.961915
0.945528
0.345552
0.79402
0.934381
0.960363
0.710607
0.832375
0.879867
0.718583
0.938026
0.738991
0.994123
0.388448
0.974609
0.965656
0.757596
0.771706
0.839401
0.670013
0.81888
0.868814
0.590848
0.361429
0.615141
0.364627
0.910457
0.9898
0.977532
0.85621
0.922728
0.786331
0.934505
0.883936
0.960526
0.347947
0.955268
0.64904
0.785106
0.738063
0.914612
0.827875
0.909683
0.955278
0.916846
0.873525
0.458377
0.574186
0.637121
0.497053
0.941872
0.879824
0.978687
0.846564
0.853923
0.29183
0.831715
0.92427
0.582325
0.973389
0.953763
0.969372
0.956092
0.929079
0.955231
0.579966
0.93113
0.723701
0.343765
0.189426
0.473971
0.135745
0.528723
0.371988
0.789137
0.93525
0.894406
0.945856
0.943323
0.724507
0.837224
0.79154
0.93519
0.463723
0.875733
0.882003
0.937307
0.853603
0.861099
0.784027
0.621682
0.854679
0.875518
0.968972
0.972704
0.817867
0.762313
0.931108
0.962966
0.224218
0.936169
0.872595
0.936625
0.931617
0.745436
0.682825
0.444218
0.943569
0.973273
0.963455
0.943941
0.750927
0.609324
0.913112
0.88368
0.41839
0.653371
0.887271
0.895486
0.428396
0.714246
0.923447
0.773573
0.913481
0.777327
0.804407
0.948337
0.921961
0.920944
0.932247
0.947302
0.904591
0.800365
0.905398
0.895697
0.502015
0.956465
0.929558
0.942804
0.95572
0.937835
0.9891
0.80311
0.927592
0.944493
0.986194
0.886497
0.890746
0.961396
0.96901
0.648494
0.773265
0.660614
0.277381
0.980531
0.952052
0.960902
0.349762
0.446338
0.712751
0.844402
0.195059
0.611561
0.824952
0.918401
0.977991
0.863393
0.661526
0.888658
0.621037
0.911521
0.877188
0.819884
0.886449
0.860371
0.477303
0.916497
0.978238
0.963287
0.802012
0.929912
0.952202
0.327005
0.899439
0.95733
0.972914
0.875248
0.97367
0.799795
0.83973
0.943856
0.676128
0.810721
0.867905
0.925324
0.950499
0.934134
0.838772
0.971952
0.717757
0.958292
0.961286
0.914916
0.520682
0.732633
0.785189
0.948063
0.947159
0.746899
0.661726
0.742084
0.457623
0.56459
0.246329
0.943115
0.707375
0.92694
0.959672
0.886424
0.328649
0.944049
0.942358
0.861744
0.650352
0.798716
0.949083
0.911037
0.777553
0.95276
0.93278
0.950008
0.521829
0.864299
0.955374
0.967361
0.624469
0.967949
0.9353
0.941833
0.803914
0.455893
0.947069
0.469101
0.960571
0.940382
0.934781
0.510007
0.555036
0.852225
0.921832
0.781754
0.872378
0.622801
0.842476
0.879566
0.974402
0.798652
0.94677
0.86115
0.471212
0.73331
0.870062
0.945712
0.911234
0.951869
0.961446
0.977528
0.978683
0.869499
0.76082
0.983228
0.563711
0.747705
0.984676
0.934292
0.862437
0.898017
0.940915
0.86918
0.526645
0.801648
0.819389
0.843259
0.283259
0.571599
0.849614
0.338928
0.484026
0.792134
0.733119
0.646853
0.825886
0.925954
0.916495
0.308728
0.858441
0.924155
0.895367
0.783423
0.706273
0.819138
0.914804
0.175581
0.748894
0.940119
0.831679
0.687103
0.918438
0.627796
0.937794
0.934907
0.595843
0.519607
0.813601
0.934208
0.676489
0.486393
0.683868
0.976429
0.489954
0.897469
0.965884
0.922142
0.867165
0.800246
0.930209
0.935181
0.350279
0.839515
0.784536
0.715476
0.916126
0.952037
0.962674
0.905844
0.699752
0.964096
0.968077
0.86213
0.905236
0.934026
0.956398
0.598936
0.781777
0.753897
0.957102
0.88536
0.915174
0.954146
0.811692
0.966745
0.617081
0.9495
0.583362
0.973571
0.980629
0.907534
0.927493
0.931573
0.942442
0.842555
0.790896
0.975156
0.729163
0.973085
0.979407
0.793466
0.976968
0.988656
0.897136
0.844687
0.979673
0.989607
0.866351
0.970725
0.978649
0.965403
0.939294
0.987217
0.944084
0.183078
0.979514
0.437525
0.858373
0.850348
0.844932
0.971068
0.927275
0.903644
0.981554
0.981968
0.81768
0.986521
0.753715
0.814971
0.953537
0.980834
0.868515
0.469964
0.978688
0.794622
0.928747
0.935434
0.87846
0.931066
0.979263
0.966685
0.903967
0.929393
0.947732
0.89894
0.640233
0.995132
0.582984
0.987868
0.944039
0.958205
0.955978
0.265788
0.682404
0.746502
0.916342
0.848301
0.695981
0.887126
0.446048
0.659987
0.93979
0.833208
0.932238
0.754971
0.953812
0.47986
0.963784
0.748027
0.787247
0.922693
0.597202
0.920223
0.831175
0.86408
0.795464
0.736054
0.724665
0.407958
0.882892
0.896525
0.690621
0.758854
0.571723
0.73284
0.969351
0.799956
0.563185
0.967713
0.965984
0.896107
0.786203
0.977489
0.978373
0.685702
0.97644
0.991028
0.942686
0.915477
0.95661
0.611615
0.818316
0.803758
0.951516
0.958342
0.91823
0.756926
0.956731
0.958627
0.78133
0.927872
0.975833
0.91856
0.627555
0.885214
0.863301
0.824145
0.680127
0.72207
0.960176
0.939614
0.659315
0.897628
0.786021
0.940344
0.827258
0.94933
0.928056
0.917624
0.824694
0.312323
0.826683
0.374304
0.791687
0.993218
0.984231
0.795079
0.705776
0.72113
0.553379
0.9802
0.672842
0.44351
0.991463
0.388736
0.949576
0.856324
0.967527
0.986458
0.941856
0.823584
0.470206
0.931117
0.91278
0.965703
0.942426
0.782461
0.775805
0.498935
0.930887
0.632243
0.88498
0.859431
0.439631
0.845853
0.635747
0.408768
0.925185
0.913498
0.594678
0.942516
0.924316
0.874912
0.978468
0.831256
0.917002
0.89718
0.931155
0.936374
0.959731
0.950143
0.856844
0.982912
0.320719
0.899103
0.845707
0.421767
0.873731
0.927626
0.339263
0.369847
0.901091
0.582006
0.448887
0.797567
0.349084
0.62814
0.734454
0.37151
0.719594
0.9502
0.911042
0.701575
0.91242
0.77054
0.479632
0.903901
0.879965
0.944831
0.930346
0.897102
0.908427
0.791441
0.888754
0.866245
0.795
0.699274
0.765926
0.298418
0.520745
0.927987
0.946371
0.739351
0.833575
0.827792
0.950186
0.893748
0.932826
0.78504
0.510121
0.881641
0.815347
0.463109
0.470383
0.548039
0.933565
0.774774
0.954608
0.959907
0.674409
0.911032
0.7028
0.83523
0.954165
0.784674
0.818239
0.731202
0.515812
0.974557
0.903235
0.609348
0.274082
0.988213
0.805434
0.897717
0.992496
0.967455
0.968069
0.98797
0.966954
0.703719
0.974757
0.402515
0.883067
0.984896
0.988889
0.949336
0.893468
0.593204
0.86177
0.399081
0.829943
0.46106
0.805344
0.559852
0.71929
0.768133
0.812964
0.571175
0.940899
0.946292
0.928625
0.800343
0.932374
0.300617
0.937171
0.419924
0.854657
0.622045
0.928819
0.560896
0.567038
0.830441
0.820308
0.623775
0.94064
0.649637
0.602967
0.303178
0.552754
0.925256
0.301846
0.447594
0.855857
0.672895
0.807623
0.0926485
0.20666
0.604277
0.753979
0.419107
0.683804
0.647859
0.824534
0.508393
0.779704
0.501373
0.849235
0.404886
0.855866
0.971943
0.503479
0.947955
0.97181
0.471912
0.707647
0.886504
0.355681
0.804889
0.812981
0.972016
0.96086
0.918529
0.98785
0.858351
0.962007
0.976081
0.22027
0.498035
0.616598
0.11836
0.628388
0.762583
0.586298
0.974846
0.427147
0.326331
0.777689
0.823319
0.817907
0.944964
0.783624
0.463107
0.376358
0.669406
0.930053
0.584468
0.914556
0.928986
0.956749
0.900533
0.915473
0.602015
0.977138
0.965067
0.958663
0.93837
0.846556
0.946034
0.957034
0.953229
0.960159
0.762049
0.992658
0.90482
0.420617
0.68529
0.928369
0.864842
0.79137
0.602682
0.532267
0.638137
0.985024
0.972364
0.970469
0.960092
0.879523
0.967403
0.566922
0.954767
0.169804
0.968644
0.967716
0.954483
0.915354
0.817864
0.637794
0.99568
0.317074
0.978431
0.981202
0.837758
0.850329
0.983486
0.935896
0.87375
0.788923
0.891267
0.718366
0.885388
0.404804
0.739691
0.874823
0.848605
0.224188
0.693008
0.611254
0.963884
0.952872
0.927633
0.980928
0.970934
0.558917
0.94948
0.983157
0.960215
0.975327
0.347998
0.752701
0.243171
0.924979
0.260777
0.963044
0.792052
0.575126
0.773323
0.378058
0.281619
0.871843
0.56773
0.857428
0.797284
0.577197
0.219882
0.929626
0.90867
0.820698
0.668567
0.222574
0.98036
0.968924
0.824565
0.612641
0.957564
0.915224
0.909743
0.950546
0.819482
0.965016
0.943435
0.902622
0.811116
0.761975
0.798866
0.894737
0.90265
0.843229
0.747166
0.98439
0.972304
0.357104
0.943304
0.965445
0.451882
0.5933
0.462353
0.971337
0.70254
0.933053
0.416839
0.860127
0.917686
0.927968
0.483209
0.963979
0.826825
0.514066
0.26933
0.820004
0.975263
0.924631
0.718616
0.970152
0.97582
0.972236
0.834217
0.754319
0.711531
0.976356
0.85769
0.864164
0.862678
0.930951
0.977617
0.959736
0.966916
0.843152
0.905106
0.78699
0.44947
0.80907
0.808394
0.916663
0.777474
0.764694
0.528967
0.842046
0.693311
0.82323
0.954594
0.97134
0.766295
0.925948
0.93558
0.771611
0.955384
0.615404
0.945218
0.701594
0.501741
0.818384
0.819406
0.857897
0.742841
0.934249
0.931806
0.79485
0.889249
0.688919
0.903492
0.825996
0.71784
0.986421
0.485691
0.948435
0.838517
0.982937
0.975645
0.953912
0.866315
0.97176
0.969389
0.975061
0.979463
0.952053
0.170956
0.693781
0.731371
0.752587
0.919399
0.571244
0.904073
0.756612
0.868158
0.910401
0.95841
0.882717
0.684182
0.926025
0.860411
0.855346
0.874413
0.963223
0.866657
0.907296
0.915592
0.89094
0.515081
0.960204
0.831659
0.969852
0.832644
0.973957
0.83658
0.811541
0.901218
0.716638
0.959775
0.342721
0.949411
0.989853
0.965772
0.958598
0.793029
0.921964
0.964493
0.983004
0.388137
0.962415
0.869353
0.964766
0.0981542
0.74308
0.956185
0.925129
0.473079
0.827525
0.887735
0.978447
0.748672
0.631594
0.972437
0.739427
0.979672
0.542007
0.287926
0.369891
0.977642
0.959835
0.892
0.519744
0.930866
0.563886
0.706201
0.945993
0.602113
0.9196
0.936602
0.456334
0.942308
0.460434
0.933141
0.97958
0.748386
0.569142
0.869048
0.536456
0.875092
0.57217
0.887476
0.721604
0.81769
0.554823
0.944219
0.76977
0.907314
0.936248
0.540775
0.790953
0.341599
0.928704
0.881518
0.562109
0.884791
0.892039
0.534691
0.914312
0.75622
0.977456
0.764705
0.909954
0.90855
0.894772
0.754736
0.664549
0.832562
0.701944
0.845163
0.825539
0.139362
0.328922
0.696607
0.0901941
0.381073
0.589692
0.980482
0.866006
0.393023
0.827654
0.970191
0.967092
0.812457
0.950355
0.807263
0.776372
0.950821
0.801453
0.884716
0.917854
0.771318
0.962788
0.567656
0.426514
0.624222
0.455342
0.986791
0.864889
0.978534
0.974644
0.982579
0.953799
0.983603
0.149314
0.667641
0.495694
0.425964
0.470413
0.42428
0.838044
0.822918
0.453044
0.930814
0.780465
0.796498
0.519975
0.877147
0.541776
0.433095
0.979102
0.977004
0.949046
0.978296
0.9474
0.963225
0.978451
0.837951
0.4526
0.651696
0.330003
0.594791
0.670097
0.536045
0.806859
0.84347
0.864535
0.942294
0.920415
0.96154
0.500308
0.762974
0.713581
0.983609
0.91072
0.897015
0.912947
0.884745
0.860478
0.911633
0.492931
0.979375
0.963808
0.850016
0.676229
0.853007
0.762494
0.952005
0.755461
0.851258
0.954721
0.908525
0.935566
0.959171
0.460541
0.984157
0.979613
0.988385
0.942145
0.771419
0.728514
0.408242
0.577065
0.59918
0.87801
0.788568
0.394559
0.864166
0.990036
0.659579
0.996189
0.456785
0.990765
0.922593
0.850116
0.878794
0.733316
0.740418
0.82307
0.95696
0.775561
0.857243
0.809622
0.762077
0.984313
0.924967
0.951171
0.960984
0.687782
0.975718
0.88614
0.910782
0.513446
0.930476
0.433402
0.912762
0.92472
0.962435
0.933814
0.827152
0.585168
0.758614
0.66494
0.702929
0.882645
0.953314
0.967368
0.923974
0.932325
0.980251
0.963475
0.957646
0.868462
0.834724
0.406824
0.74317
0.926462
0.775062
0.805974
0.924206
0.174378
0.934953
0.962706
0.918697
0.891541
0.457875
0.963861
0.97852
0.965071
0.872131
0.988177
0.770541
0.952916
0.316991
0.851367
0.738459
0.723188
0.393897
0.85178
0.833404
0.941096
0.623054
0.977539
0.679205
0.952201
0.933222
0.829695
0.954598
0.475452
0.822683
0.712965
0.163378
0.899584
0.950701
0.605909
0.95015
0.370372
0.968943
0.762499
0.638217
0.388188
0.22913
0.615945
0.83762
0.811783
0.822778
0.434536
0.836737
0.807405
0.281008
0.878622
0.483235
0.940599
0.590752
0.965836
0.989909
0.90658
0.830324
0.868887
0.81605
0.752771
0.919907
0.968485
0.975694
0.767887
0.280188
0.436404
0.441766
0.969819
0.789369
0.873379
0.952238
0.874414
0.756937
0.888812
0.628951
0.86709
0.966719
0.889859
0.961132
0.978996
0.96999
0.888735
0.88895
0.832563
0.932319
0.928044
0.968304
0.836505
0.889942
0.892121
0.78508
0.87214
0.967214
0.938954
0.955073
0.938792
0.964533
0.661285
0.895081
0.592036
0.646498
0.595328
0.891169
0.957176
0.755551
0.750515
0.909833
0.824671
0.85029
0.885414
0.946636
0.745906
0.931711
0.963996
0.914127
0.356482
0.777575
0.686697
0.977613
0.818434
0.946037
0.947497
0.886548
0.971613
0.980187
0.672636
0.120168
0.618279
0.979611
0.973621
0.361599
0.860045
0.660316
0.980971
0.546305
0.652201
0.851771
0.941319
0.960179
0.95261
0.66321
0.494589
0.798823
0.606796
0.962283
0.533247
0.970669
0.981043
0.863143
0.961336
0.373702
0.908957
0.862947
0.624763
0.868472
0.868655
0.738599
0.735892
0.391021
0.864511
0.599956
0.943804
0.845343
0.8772
0.929693
0.57913
0.880275
0.943365
0.694666
0.93965
0.935556
0.917877
0.883703
0.96123
0.97319
0.940474
0.721981
0.685028
0.730228
0.313128
0.859296
0.824533
0.713227
0.896415
0.859572
0.814734
0.770665
0.274278
0.82726
0.789682
0.768009
0.932186
0.861234
0.90631
0.951374
0.553369
0.89956
0.675157
0.829067
0.730335
0.929132
0.832719
0.714127
0.619866
0.611302
0.879559
0.91941
0.910432
0.928474
0.877196
0.357982
0.795735
0.904953
0.830575
0.951834
0.920244
0.427192
0.937436
0.525054
0.460691
0.933712
0.885527
0.242727
0.434229
0.935947
0.991587
0.768239
0.956479
0.810506
0.713298
0.982878
0.912439
0.157227
0.971715
0.888309
0.95615
0.810575
0.81326
0.966539
0.387452
0.982556
0.855828
0.854805
0.844275
0.660052
0.964424
0.758623
0.756267
0.981048
0.919905
0.553634
0.806875
0.826459
0.189696
0.861566
0.902414
0.730102
0.39252
0.679308
0.691241
0.772512
0.808624
0.636295
0.763822
0.555623
0.728374
0.564544
0.479132
0.443361
0.372041
0.350014
0.958958
0.97029
0.85559
0.878858
0.899713
0.812928
0.93739
0.953394
0.944465
0.8959
0.892171
0.919846
0.927979
0.933527
0.305383
0.850524
0.93071
0.620247
0.959728
0.601667
0.734135
0.920088
0.948358
0.935438
0.880147
0.818054
0.770692
0.655157
0.945719
0.84811
0.897559
0.958572
0.788942
0.959311
0.872669
0.572102
0.914595
0.787196
0.507662
0.9027
0.739498
0.951094
0.933522
0.900067
0.279384
0.683924
0.507097
0.853469
0.80447
0.766594
0.873879
0.92877
0.822001
0.347112
0.854933
0.801
0.968283
0.934523
0.687065
0.908137
0.970488
0.850611
0.910487
0.992293
0.62342
0.472424
0.504312
0.963792
0.922005
0.95921
0.250855
0.963614
0.968611
0.626542
0.614685
0.86449
0.725906
0.912977
0.861553
0.873152
0.37588
0.513927
0.337406
0.660491
0.327907
0.918662
0.691519
0.925412
0.886299
0.887529
0.850397
0.865639
0.4201
0.507514
0.349455
0.965047
0.957127
0.903451
0.958552
0.900579
0.77198
0.160636
0.880524
0.898929
0.879918
0.889889
0.892485
0.685034
0.868529
0.29864
0.670168
0.908369
0.872249
0.832429
0.769992
0.874671
0.433624
0.877424
0.983786
0.961919
0.962277
0.946816
0.929257
0.689647
0.875125
0.288168
0.847736
0.530706
0.934616
0.925797
0.933166
0.19764
0.872752
0.289843
0.88141
0.399927
0.540618
0.838498
0.316051
0.867849
0.952975
0.983278
0.872099
0.93733
0.886467
0.826259
0.886052
0.400918
0.573761
0.936737
0.405256
0.9534
0.970235
0.363343
0.372934
0.75945
0.9169
0.551653
0.939848
0.811817
0.473776
0.852597
0.494408
0.584878
0.945841
0.798888
0.912639
0.906828
0.763957
0.551067
0.818562
0.853956
0.889353
0.923274
0.859061
0.777903
0.732189
0.911571
0.899052
0.925095
0.550185
0.871734
0.510884
0.925231
0.884172
0.365849
0.850699
0.590424
0.981766
0.903425
0.967437
0.82951
0.987578
0.89707
0.813083
0.832155
0.868423
0.941927
0.970415
0.960268
0.657138
0.984226
0.986047
0.190831
0.903341
0.97135
0.748084
0.684995
0.893221
0.828902
0.876771
0.335501
0.173579
0.717527
0.17098
0.773394
0.849358
0.317926
0.786202
0.717338
0.784632
0.916814
0.471206
0.295685
0.942254
0.890823
0.838643
0.526104
0.882769
0.762813
0.737236
0.869125
0.442729
0.839325
0.917047
0.899473
0.42916
0.948162
0.73925
0.973589
0.981162
0.752895
0.862665
0.528327
0.971611
0.435144
0.890962
0.980024
0.847128
0.967355
0.747701
0.399535
0.591211
0.876055
0.962826
0.924778
0.274005
0.905215
0.976425
0.924179
0.933688
0.926211
0.895629
0.675109
0.58352
0.946735
0.984044
0.511129
0.915047
0.942965
0.972612
0.95098
0.839732
0.368006
0.844755
0.924062
0.671776
0.947332
0.934568
0.697932
0.816736
0.971094
0.945771
0.483109
0.933275
0.933881
0.954335
0.769636
0.931959
0.549086
0.668392
0.867488
0.828647
0.799736
0.965788
0.864143
0.83771
0.806515
0.939031
0.850386
0.953567
0.750823
0.802246
0.743143
0.265935
0.9148
0.913598
0.844744
0.814735
0.34653
0.901323
0.567517
0.975607
0.907644
0.972143
0.15328
0.208375
0.951103
0.780077
0.732891
0.516977
0.98811
0.981059
0.584221
0.943261
0.962798
0.809428
0.638424
0.854903
0.829857
0.623207
0.862083
0.804085
0.959491
0.431953
0.966971
0.920253
0.750353
0.972926
0.96062
0.969479
0.207299
0.447563
0.97411
0.947498
0.927102
0.886322
0.928234
0.609182
0.765771
0.804658
0.876767
0.961438
0.118619
0.395511
0.979373
0.89912
0.684845
0.269747
0.960359
0.72302
0.750167
0.960511
0.826756
0.909049
0.750316
0.47444
0.492403
0.734914
0.890098
0.984817
0.821333
0.909384
0.531355
0.91383
0.856228
0.922151
0.925172
0.914529
0.750182
0.908711
0.811029
0.597737
0.839161
0.649097
0.870854
0.623465
0.167735
0.504035
0.923903
0.575626
0.973675
0.880607
0.610133
0.990382
0.688696
0.858579
0.535145
0.971256
0.742687
0.950567
0.311729
0.875366
0.931284
0.649981
0.761084
0.921775
0.37036
0.372077
0.826565
0.864419
0.575038
0.954174
0.834628
0.887187
0.983026
0.876416
0.691382
0.972596
0.940093
0.988742
0.9583
0.975141
0.827244
0.437308
0.602662
0.707097
0.601279
0.963222
0.911332
0.906575
0.914766
0.960477
0.583648
0.956312
0.346039
0.909975
0.649761
0.96597
0.964652
0.865489
0.549534
0.756836
0.466611
0.590249
0.570397
0.772755
0.832954
0.753835
0.880395
0.789166
0.615387
0.408565
0.495444
0.411011
0.784763
0.816235
0.832624
0.631693
0.954331
0.916046
0.931572
0.982833
0.929251
0.806531
0.733979
0.907372
0.854375
0.795087
0.949811
0.931086
0.829469
0.989413
0.52098
0.791249
0.916959
0.684166
0.910155
0.900517
0.887593
0.945851
0.948931
0.907111
0.918357
0.827923
0.976219
0.907483
0.963445
0.7029
0.906594
0.89582
0.843511
0.875617
0.790928
0.848389
0.963406
0.773627
0.964719
0.881448
0.96645
0.906527
0.854961
0.779215
0.726612
0.980306
0.978525
0.825019
0.898163
0.271743
0.900686
0.761656
0.917653
0.955085
0.901135
0.761123
0.787026
0.838841
0.948741
0.956118
0.958851
0.630802
0.944659
0.802538
0.742048
0.729884
0.523936
0.791575
0.935059
0.814106
0.925447
0.915608
0.928868
0.50225
0.973993
0.752216
0.559093
0.952456
0.933715
0.703835
0.357534
0.697165
0.947732
0.529409
0.902362
0.738352
0.617733
0.460256
0.963822
0.903266
0.370084
0.737262
0.694885
0.936622
0.969515
0.933942
0.972176
0.807229
0.955776
0.963945
0.966355
0.785455
0.94006
0.469158
0.903705
0.927064
0.772446
0.510204
0.222102
0.885935
0.902269
0.211014
0.767873
0.696418
0.886201
0.974051
0.973662
0.920281
0.655739
0.897378
0.842412
0.47734
0.88936
0.803356
0.830665
0.629191
0.740452
0.96655
0.434463
0.946686
0.488773
0.96823
0.984798
0.893856
0.939642
0.990318
0.500492
0.540363
0.95306
0.620233
0.311213
0.466092
0.508914
0.860308
0.982467
0.719208
0.823767
0.980632
0.938656
0.970557
0.775948
0.591297
0.786148
0.779326
0.795681
0.860122
0.885202
0.966453
0.430418
0.963202
0.552931
0.915252
0.803167
0.988461
0.750252
0.853522
0.928846
0.777797
0.913886
0.978854
0.979967
0.986177
0.926527
0.856512
0.972271
0.762835
0.739006
0.341872
0.680057
0.649548
0.803021
0.721226
0.804553
0.568059
0.468477
0.939181
0.350857
0.81991
0.968104
0.945224
0.628177
0.92829
0.964409
0.903327
0.880558
0.795122
0.394993
0.607238
0.545201
0.357032
0.457429
0.737892
0.54702
0.573004
0.60362
0.896749
0.828359
0.802585
0.94098
0.964927
0.942393
0.684411
0.691537
0.82334
0.95683
0.852
0.956704
0.807957
0.957624
0.93428
0.955133
0.943363
0.843626
0.444872
0.912028
0.701831
0.781061
0.637882
0.583053
0.717169
0.951589
0.933901
0.902191
0.890609
0.934277
0.833931
0.813632
0.926323
0.979846
0.924439
0.869989
0.950017
0.679408
0.882406
0.602833
0.395988
0.97015
0.980032
0.760093
0.968464
0.983126
0.910508
0.842548
0.977702
0.293917
0.406258
0.980355
0.716509
0.872549
0.801013
0.933876
0.911691
0.927036
0.353878
0.978216
0.614338
0.91492
0.284391
0.902082
0.940543
0.988848
0.954447
0.959128
0.840845
0.857575
0.936944
0.831791
0.844855
0.825188
0.930868
0.968301
0.466587
0.977986
0.961554
0.473358
0.948461
0.872512
0.675971
0.273731
0.818534
0.69632
0.874349
0.927582
0.734727
0.916636
0.945258
0.781971
0.316465
0.940488
0.859364
0.871164
0.910123
0.950549
0.901209
0.764569
0.811682
0.969123
0.628295
0.853107
0.198734
0.599989
0.792467
0.966025
0.652587
0.46201
0.180542
0.752148
0.978
0.906975
0.960475
0.897029
0.342037
0.965981
0.979959
0.730151
0.653354
0.978265
0.944044
0.968531
0.946946
0.848984
0.569962
0.491173
0.969875
0.563114
0.972526
0.980751
0.891875
0.939644
0.935693
0.928083
0.839853
0.941815
0.676879
0.813149
0.978968
0.872468
0.913062
0.946043
0.540244
0.942271
0.977798
0.917255
0.952116
0.745753
0.950421
0.905923
0.848672
0.863084
0.815112
0.902998
0.434533
0.906316
0.682161
0.846749
0.689813
0.835728
0.788889
0.877057
0.932961
0.866972
0.362168
0.899155
0.637963
0.417766
0.620165
0.899038
0.911862
0.962842
0.893507
0.606292
0.71812
0.711571
0.179819
0.715996
0.884304
0.898066
0.882526
0.682384
0.869509
0.902016
0.927398
0.416495
0.839572
0.605912
0.831322
0.869136
0.402102
0.492491
0.937143
0.981479
0.964146
0.802497
0.520623
0.750755
0.289211
0.934557
0.945526
0.926011
0.578783
0.925768
0.439144
0.589071
0.899302
0.675726
0.784443
0.936934
0.869583
0.928769
0.607274
0.452754
0.840116
0.585519
0.197991
0.807433
0.80337
0.654171
0.779624
0.903776
0.958548
0.705284
0.945771
0.868915
0.707099
0.837244
0.306718
0.955193
0.757094
0.940193
0.918758
0.593088
0.973045
0.951745
0.903099
0.930702
0.166671
0.965092
0.940434
0.897175
0.834228
0.497279
0.700776
0.624804
0.831607
0.970416
0.985537
0.912322
0.955435
0.365323
0.510205
0.951987
0.603447
0.94732
0.961024
0.839806
0.931798
0.92618
0.935993
0.850586
0.963337
0.953372
0.879024
0.968496
0.360322
0.973215
0.455303
0.37352
0.518007
0.68778
0.299864
0.809509
0.871625
0.527113
0.898547
0.843873
0.755867
0.890924
0.877351
0.936123
0.896636
0.871093
0.714012
0.555408
0.94658
0.831177
0.791068
0.545782
0.949167
0.981868
0.580261
0.774399
0.754879
0.991951
0.706489
0.917637
0.84999
0.652099
0.954501
0.134345
0.958146
0.962503
0.898642
0.984787
0.957726
0.618143
0.985934
0.677673
0.97859
0.975051
0.969081
0.980085
0.630886
0.933242
0.930988
0.741374
0.927477
0.873005
0.727605
0.972785
0.958773
0.818044
0.591869
0.901066
0.296542
0.881571
0.967412
0.940264
0.953183
0.837871
0.974279
0.872081
0.805095
0.747009
0.935325
0.715742
0.825433
0.981113
0.936632
0.781256
0.960854
0.871318
0.754372
0.953877
0.906155
0.957722
0.764419
0.934912
0.921347
0.92416
0.95459
0.625029
0.93678
0.98765
0.973894
0.410512
0.719947
0.286479
0.466641
0.968909
0.956433
0.990436
0.658743
0.404899
0.919039
0.703593
0.825894
0.964717
0.427853
0.611953
0.808356
0.971965
0.805382
0.81817
0.952191
0.435156
0.755742
0.734869
0.791471
0.752258
0.708382
0.595915
0.792057
0.899367
0.645513
0.831371
0.172746
0.850837
0.707562
0.87119
0.817291
0.836715
0.849231
0.854596
0.467351
0.460767
0.461275
0.936365
0.555272
0.494153
0.809208
0.616837
0.858046
0.610025
0.858562
0.75996
0.921926
0.656775
0.801081
0.782637
0.730488
0.832826
0.823864
0.913769
0.897836
0.868245
0.796812
0.689699
0.477631
0.835496
0.87194
0.964176
0.877798
0.747734
0.962933
0.926803
0.86586
0.831864
0.846531
0.801378
0.103452
0.957488
0.810631
0.950306
0.481434
0.953502
0.559922
0.937766
0.812326
0.730465
0.984459
0.531433
0.982519
0.989534
0.929418
0.625017
0.381696
0.855558
0.759
0.249654
0.447449
0.943842
0.831024
0.65373
0.731279
0.965398
0.965266
0.98557
0.949238
0.775386
0.876716
0.733857
0.972101
0.979555
0.823258
0.917416
0.979868
0.84975
0.904393
0.85744
0.711849
0.294257
0.830027
0.913888
0.933233
0.757802
0.696999
0.570575
0.35526
0.321585
0.894794
0.886511
0.454912
0.460648
0.579655
0.24502
0.820753
0.927711
0.91628
0.850292
0.936448
0.823201
0.926335
0.949177
0.885324
0.952629
0.766852
0.959341
0.767247
0.93097
0.813157
0.96611
0.86751
0.97742
0.69799
0.827301
0.904116
0.507268
0.556158
0.905291
0.718562
0.892508
0.699887
0.319375
0.910794
0.89041
0.895881
0.592004
0.77737
0.548161
0.55803
0.905329
0.929344
0.882531
0.803235
0.755839
0.900341
0.820724
0.877061
0.971944
0.954458
0.972968
0.896996
0.88805
0.986102
0.937201
0.954282
0.891075
0.402247
0.844867
0.910416
0.40846
0.900404
0.938426
0.949618
0.260626
0.885683
0.860476
0.957633
0.828719
0.588268
0.409691
0.615324
0.282339
0.950429
0.428904
0.972988
0.934199
0.895486
0.217025
0.949129
0.838177
0.690702
0.972467
0.83295
0.899824
0.839148
0.0706605
0.930092
0.785635
0.830666
0.928182
0.930748
0.946344
0.968019
0.778278
0.755871
0.920187
0.896459
0.862949
0.677396
0.556651
0.571041
0.833327
0.751262
0.291202
0.880576
0.892794
0.96319
0.733982
0.813524
0.932697
0.81726
0.735615
0.779314
0.777579
0.767348
0.976459
0.957678
0.716112
0.954821
0.779671
0.857528
0.900587
0.874701
0.972389
0.989515
0.949986
0.913669
0.978013
0.923615
0.832944
0.517045
0.932914
0.540059
0.943515
0.959477
0.975025
0.87221
0.831678
0.964329
0.713462
0.802796
0.688405
0.308712
0.802863
0.607531
0.737312
0.949103
0.98906
0.970557
0.980012
0.980653
0.277869
0.696235
0.126119
0.95846
0.846013
0.713283
0.860591
0.933664
0.851884
0.96524
0.957529
0.906602
0.948615
0.838165
0.884144
0.538379
0.920246
0.879324
0.775379
0.949962
0.789433
0.769186
0.870706
0.590035
0.970829
0.849058
0.88422
0.76694
0.808029
0.76628
0.290551
0.595848
0.921726
0.977164
0.29817
0.835775
0.563657
0.761955
0.918211
0.953691
0.422196
0.808443
0.79376
0.567258
0.239904
0.928124
0.608908
0.749762
0.973781
0.96713
0.967273
0.926711
0.978302
0.718917
0.991627
0.931838
0.690714
0.829178
0.749319
0.921231
0.888235
0.252492
0.610205
0.836291
0.938561
0.853162
0.368623
0.92965
0.726073
0.972004
0.874049
0.950762
0.766059
0.947456
0.950036
0.0468332
0.82929
0.889821
0.826117
0.824851
0.922027
0.958849
0.932953
0.46647
0.951277
0.421119
0.879846
0.355426
0.739706
0.962856
0.904055
0.900882
0.971207
0.585776
0.630652
0.65436
0.91499
0.943792
0.597096
0.916415
0.904709
0.438336
0.8437
0.796278
0.86687
0.849203
0.974742
0.747751
0.957094
0.359561
0.783469
0.747084
0.60274
0.841179
0.934826
0.809871
0.566119
0.870853
0.964319
0.830978
0.843612
0.950243
0.889949
0.957399
0.975468
0.942313
0.569738
0.765267
0.965313
0.743462
0.876821
0.97665
0.713897
0.697335
0.423799
0.957875
0.983074
0.235668
0.507482
0.859844
0.858042
0.494731
0.733108
0.660048
0.857824
0.446792
0.516486
0.766077
0.634527
0.696235
0.798171
0.742654
0.859056
0.927963
0.975078
0.970779
0.973627
0.456774
0.946798
0.854235
0.979173
0.37463
0.913167
0.793861
0.884619
0.973162
0.959835
0.989574
0.967499
0.570547
0.345026
0.872892
0.965541
0.594438
0.873244
0.950741
0.739656
0.560906
0.540455
0.763932
0.974971
0.911956
0.900749
0.990416
0.514077
0.975262
0.949924
0.725671
0.945983
0.950506
0.667774
0.945378
0.958653
0.857201
0.824637
0.976218
0.987168
0.798462
0.287383
0.438801
0.984486
0.772729
0.808136
0.301964
0.890003
0.97162
0.621829
0.740477
0.683791
0.957316
0.912743
0.950447
0.963919
0.582896
0.374332
0.571708
0.83126
0.80589
0.249548
0.766153
0.82163
0.472072
0.921235
0.972481
0.980403
0.680398
0.972188
0.414482
0.962924
0.964806
0.810822
0.91528
0.887572
0.601521
0.896945
0.976129
0.904657
0.727197
0.958529
0.894018
0.58792
0.682922
0.892403
0.97302
0.921249
0.941348
0.790829
0.824011
0.833944
0.76107
0.94785
0.839838
0.893437
0.927747
0.865823
0.812648
0.87379
0.848027
0.974003
0.787159
0.764747
0.338219
0.885561
0.809371
0.924342
0.191981
0.774304
0.562733
0.804116
0.886939
0.9722
0.958342
0.660377
0.902628
0.859656
0.956598
0.936928
0.862389
0.458499
0.913722
0.745773
0.960317
0.743627
0.763082
0.877904
0.945117
0.387687
0.577565
0.874993
0.443182
0.642415
0.421842
0.956837
0.862824
0.974001
0.857494
0.954412
0.951624
0.774246
0.65154
0.943165
0.920066
0.847337
0.865012
0.836534
0.822255
0.318369
0.604785
0.652115
0.321605
0.846815
0.944628
0.979601
0.708832
0.861939
0.37825
0.946404
0.610441
0.960486
0.972617
0.886498
0.949449
0.882404
0.969763
0.515291
0.868625
0.80364
0.907048
0.722033
0.735795
0.244578
0.373954
0.964869
0.85274
0.979964
0.951541
0.363701
0.931121
0.967052
0.779489
0.473632
0.986954
0.747857
0.845797
0.819249
0.861064
0.26372
0.857287
0.972197
0.959889
0.954718
0.95281
0.957091
0.973916
0.649919
0.89786
0.800624
0.840942
0.868986
0.870506
0.505429
0.561115
0.951806
0.929949
0.951983
0.928936
0.981652
0.861869
0.884028
0.793133
0.821019
0.821194
0.958188
0.956478
0.954341
0.841053
0.438599
0.944331
0.765939
0.772036
0.812097
0.777991
0.456287
0.940701
0.837072
0.986241
0.89279
0.397696
0.608005
0.803108
0.474835
0.843718
0.785784
0.931153
0.864072
0.282359
0.841222
0.272612
0.946205
0.731988
0.788813
0.807773
0.961386
0.678076
0.818681
0.585052
0.938235
0.896109
0.610619
0.559162
0.687064
0.871223
0.95892
0.711677
0.4736
0.133934
0.692406
0.877894
0.83913
0.934437
0.636317
0.767811
0.593973
0.62173
0.734818
0.923867
0.938968
0.806436
0.802305
0.939421
0.535496
0.891837
0.956346
0.450375
0.813693
0.928053
0.82133
0.988203
0.978851
0.657741
0.882525
0.802018
0.971473
0.557134
0.968535
0.91525
0.951945
0.938644
0.132507
0.918995
0.991976
0.964747
0.984098
0.672398
0.277144
0.966792
0.903096
0.914448
0.688518
0.717925
0.887513
0.672858
0.833737
0.742333
0.903978
0.673425
0.916031
0.791013
0.75648
0.733501
0.932491
0.882106
0.981848
0.225438
0.588739
0.916261
0.668293
0.968281
0.959699
0.975716
0.651489
0.893634
0.961245
0.498407
0.934542
0.912414
0.890359
0.881381
0.722105
0.923911
0.501323
0.910091
0.284247
0.966238
0.9827
0.804468
0.943109
0.948034
0.991357
0.793148
0.449131
0.743573
0.954375
0.944511
0.958003
0.776067
0.885125
0.933898
0.543677
0.867769
0.961477
0.932582
0.172843
0.943968
0.968748
0.958391
0.549601
0.90968
0.86027
0.939379
0.328965
0.837183
0.852553
0.704289
0.771626
0.880059
0.953617
0.944416
0.947343
0.91425
0.392501
0.855451
0.405341
0.680448
0.813675
0.461432
0.966431
0.864937
0.921104
0.895821
0.464749
0.94924
0.549086
0.836115
0.950625
0.94246
0.902936
0.566337
0.937693
0.953717
0.89237
0.942883
0.966238
0.903262
0.0821909
0.760061
0.957731
0.945223
0.78982
0.839436
0.784424
0.404903
0.783142
0.904505
0.314722
0.955291
0.82093
0.837761
0.395856
0.52039
0.849133
0.888566
0.470836
0.716809
0.457776
0.746629
0.755466
0.942811
0.254013
0.906076
0.802098
0.994754
0.993136
0.913906
0.619223
0.98759
0.455158
0.888366
0.902769
0.85423
0.475889
0.895449
0.857999
0.900195
0.913229
0.832042
0.931468
0.963127
0.955341
0.959847
0.962028
0.870168
0.89845
0.544697
0.887075
0.917538
0.450745
0.942999
0.98123
0.764927
0.961046
0.964002
0.938995
0.904536
0.926167
0.893568
0.958723
0.895805
0.949233
0.944777
0.762472
0.956596
0.965541
0.937215
0.897121
0.681373
0.190243
0.966194
0.966447
0.906011
0.838691
0.960993
0.728236
0.614192
0.913593
0.969957
0.77361
0.942098
0.769551
0.9602
0.93949
0.925968
0.114414
0.670227
0.97342
0.980056
0.976222
0.990431
0.953973
0.24015
0.87112
0.961679
0.679455
0.856209
0.675734
0.284736
0.807434
0.831616
0.796766
0.412857
0.894858
0.934351
0.973973
0.917179
0.468632
0.442265
0.970741
0.875716
0.875653
0.640348
0.678316
0.926845
0.621109
0.811497
0.910101
0.496236
0.799121
0.470594
0.589779
0.718014
0.569185
0.69633
0.984921
0.712479
0.985173
0.956585
0.631547
0.513124
0.449237
0.974252
0.274364
0.984115
0.868948
0.907426
0.9534
0.91899
0.965032
0.403188
0.739959
0.845385
0.505533
0.821811
0.289839
0.964358
0.82332
0.921491
0.784335
0.805752
0.92345
0.859079
0.964141
0.427998
0.982949
0.984306
0.826988
0.706752
0.94331
0.772657
0.976932
0.980353
0.72492
0.966462
0.975982
0.496578
0.911764
0.915289
0.955962
0.876231
0.504905
0.52641
0.938966
0.579843
0.898626
0.953625
0.520897
0.92883
0.509186
0.711992
0.250653
0.845433
0.753234
0.961719
0.927062
0.96023
0.928911
0.826838
0.807584
0.448699
0.891554
0.427849
0.91197
0.706051
0.917887
0.94193
0.871065
0.609153
0.864996
0.197932
0.722273
0.739855
0.988735
0.960324
0.979954
0.979075
0.463933
0.960061
0.747709
0.939058
0.961242
0.913592
0.930102
0.974371
0.93494
0.733087
0.948395
0.657931
0.861518
0.970301
0.403523
0.899681
0.871545
0.634837
0.912829
0.776389
0.872679
0.280516
0.923643
0.840815
0.791044
0.662399
0.897058
0.753885
0.81465
0.828959
0.756823
0.309919
0.64711
0.524084
0.879168
0.875759
0.477782
0.819319
0.916524
0.87009
0.857815
0.963074
0.953878
0.786885
0.799365
0.960476
0.43672
0.829572
0.838516
0.834943
0.94857
0.670733
0.981385
0.880709
0.977207
0.5433
0.354752
0.973806
0.792083
0.901761
0.915135
0.954906
0.969034
0.929863
0.961605
0.947587
0.351194
0.955567
0.960815
0.90364
0.975849
0.457741
0.945119
0.110573
0.948778
0.631222
0.481471
0.962275
0.807582
0.94127
0.967241
0.944563
0.778485
0.508462
0.50759
0.952953
0.890476
0.940744
0.91221
0.977082
0.720376
0.811644
0.965219
0.559872
0.708581
0.351465
0.501478
0.918195
0.950695
0.742
0.168301
0.979478
0.934134
0.963806
0.925519
0.978293
0.973011
0.983868
0.981013
0.812446
0.342845
0.183511
0.799624
0.62561
0.835074
0.923829
0.956109
0.962506
0.947613
0.5027
0.869032
0.983814
0.975962
0.776805
0.877212
0.277754
0.858907
0.132849
0.928082
0.954592
0.954604
0.927066
0.916739
0.507254
0.947068
0.969186
0.88014
0.878851
0.915831
0.388617
0.981834
0.72386
0.86804
0.752704
0.899692
0.968811
0.82074
0.356644
0.498729
0.374936
0.926576
0.870689
0.976609
0.161064
0.857326
0.960256
0.882273
0.942024
0.8075
0.928928
0.903786
0.637421
0.353837
0.903259
0.625733
0.947468
0.961544
0.897033
0.521304
0.382181
0.496744
0.281564
0.879682
0.919857
0.205859
0.592621
0.58585
0.383464
0.636045
0.673147
0.436573
0.424146
0.807983
0.678181
0.881046
0.885614
0.966455
0.363378
0.876358
0.914333
0.387704
0.580006
0.610584
0.413259
0.553913
0.876626
0.953922
0.839275
0.962735
0.917492
0.701985
0.586911
0.480063
0.588802
0.821127
0.499754
0.615898
0.85644
0.849536
0.724567
0.684909
0.94541
0.716358
0.931614
0.364241
0.65793
0.394875
0.147759
0.876262
0.882182
0.687178
0.765665
0.735098
0.646855
0.904729
0.873856
0.807893
0.568045
0.858777
0.703094
0.846256
0.860263
0.663912
0.922012
0.773172
0.935929
0.610239
0.947385
0.978649
0.922122
0.950951
0.831429
0.908253
0.690884
0.814286
0.603674
0.766258
0.917368
0.947496
0.963522
0.790494
0.966058
0.872945
0.92667
0.822913
0.86234
0.842036
0.968315
0.69972
0.87607
0.439907
0.82091
0.218405
0.924676
0.965922
0.42245
0.960056
0.547659
0.948635
0.293432
0.984741
0.994503
0.601531
0.855088
0.478957
0.913643
0.891739
0.803998
0.767608
0.972017
0.760766
0.962412
0.806206
0.420224
0.505668
0.941208
0.876143
0.892579
0.586247
0.259345
0.951085
0.74531
0.975987
0.856228
0.967761
0.316808
0.967271
0.574226
0.847827
0.950533
0.93519
0.940383
0.830072
0.87689
0.960985
0.947188
0.829068
0.796641
0.93491
0.706711
0.811357
0.944395
0.596754
0.966712
0.422806
0.862005
0.794997
0.850392
0.932312
0.955678
0.726579
0.990078
0.963431
0.539666
0.865737
0.24318
0.967152
0.356538
0.959141
0.84791
0.984137
0.565518
0.849396
0.70191
0.944097
0.433689
0.900822
0.609991
0.809756
0.982601
0.787566
0.923179
0.908147
0.34926
0.773551
0.963029
0.945974
0.978421
0.415331
0.592355
0.890873
0.638179
0.985745
0.93078
0.960849
0.378043
0.969105
0.452526
0.604017
0.823704
0.490416
0.967766
0.892923
0.970709
0.577783
0.863748
0.980716
0.402234
0.27417
0.706371
0.893944
0.89089
0.953458
0.938521
0.876001
0.711612
0.936822
0.853909
0.898973
0.732342
0.818844
0.883291
0.841395
0.212395
0.166037
0.795963
0.86703
0.871034
0.886441
0.909203
0.774647
0.694481
0.946822
0.426317
0.764084
0.484445
0.710301
0.691227
0.739625
0.875633
0.322073
0.960646
0.823005
0.909864
0.731546
0.504548
0.779825
0.841827
0.960564
0.625482
0.897729
0.335805
0.92953
0.296373
0.566145
0.972297
0.613476
0.611458
0.460127
0.932913
0.963908
0.980597
0.975017
0.654707
0.830432
0.789797
0.966509
0.916349
0.240186
0.835631
0.951575
0.773428
0.951444
0.840483
0.88132
0.560715
0.972418
0.94443
0.953397
0.631178
0.825603
0.63406
0.932456
0.43417
0.702934
0.640473
0.960383
0.927206
0.64723
0.878984
0.928091
0.574194
0.891146
0.730201
0.939982
0.700322
0.720343
0.326889
0.908483
0.800853
0.727216
0.65447
0.631509
0.955443
0.745839
0.890085
0.197996
0.617874
0.85962
0.936748
0.98067
0.785144
0.898379
0.967282
0.863042
0.89185
0.962202
0.776648
0.8674
0.764349
0.830954
0.728836
0.918088
0.804837
0.68159
0.680017
0.795603
0.953498
0.966221
0.357452
0.960985
0.757593
0.829148
0.962293
0.952074
0.769489
0.173996
0.92963
0.891412
0.951498
0.895516
0.583738
0.733834
0.716582
0.177123
0.946621
0.638051
0.983395
0.693069
0.61599
0.164541
0.370826
0.804417
0.955625
0.909081
0.646878
0.9831
0.974603
0.398927
0.780351
0.908776
0.934357
0.979817
0.513322
0.780608
0.60853
0.424504
0.976269
0.492404
0.579767
0.316697
0.844977
0.179481
0.613306
0.700978
0.306735
0.89479
0.938904
0.827835
0.923253
0.811101
0.940013
0.853995
0.962132
0.79644
0.90126
0.569246
0.946237
0.314452
0.965667
0.963369
0.980415
0.212012
0.740353
0.496309
0.97147
0.88603
0.957753
0.974704
0.901553
0.409973
0.296123
0.936798
0.776504
0.240845
0.508135
0.760682
0.961919
0.892399
0.574187
0.945199
0.940601
0.877877
0.960538
0.991411
0.655559
0.791062
0.865858
0.924138
0.902933
0.841263
0.927453
0.893734
0.795579
0.727822
0.859745
0.777015
0.953467
0.907906
0.955945
0.579083
0.836259
0.72297
0.946625
0.757929
0.516705
0.571427
0.320789
0.498039
0.59073
0.721805
0.497663
0.493056
0.911648
0.84565
0.783334
0.783608
0.95767
0.694093
0.880271
0.82513
0.860189
0.532452
0.721876
0.934978
0.877573
0.974356
0.267912
0.646702
0.495968
0.889975
0.824589
0.933454
0.44908
0.762329
0.854113
0.829022
0.843447
0.982964
0.973543
0.978036
0.857355
0.650263
0.848729
0.816734
0.561837
0.746098
0.940639
0.849958
0.909884
0.910403
0.657205
0.688375
0.887483
0.950432
0.628419
0.88463
0.909814
0.810838
0.799934
0.756945
0.686431
0.830862
0.760355
0.373702
0.355509
0.940676
0.310764
0.931195
0.877888
0.954032
0.85022
0.933066
0.968837
0.891688
0.974058
0.941414
0.971925
0.982956
0.946
0.964064
0.491939
0.959784
0.959472
0.98008
0.959131
0.923132
0.978955
0.949646
0.97147
0.880862
0.277044
0.342861
0.451158
0.976074
0.9701
0.258975
0.94615
0.969626
0.886608
0.62883
0.822363
0.885287
0.874586
0.942143
0.980812
0.971058
0.985635
0.904683
0.961314
0.80271
0.986895
0.628373
0.976318
0.718006
0.914258
0.827912
0.935982
0.862552
0.956659
0.904926
0.938593
0.973999
0.941059
0.863956
0.901392
0.934166
0.912494
0.777792
0.624625
0.944953
0.686263
0.869435
0.924354
0.972293
0.95746
0.808857
0.969366
0.848146
0.73073
0.774266
0.835522
0.382203
0.868055
0.975608
0.868656
0.93403
0.470102
0.587376
0.99015
0.962072
0.519774
0.965638
0.943627
0.724753
0.937534
0.72198
0.557589
0.94631
0.872508
0.687558
0.882642
0.407071
0.312296
0.538299
0.358403
0.713044
0.733157
0.643274
0.925951
0.637781
0.900669
0.754016
0.45033
0.857744
0.89017
0.596451
0.969428
0.455365
0.822211
0.929773
0.853206
0.447806
0.913522
0.973275
0.862473
0.678602
0.691159
0.270136
0.818006
0.905759
0.940399
0.859044
0.973102
0.526772
0.491465
0.506693
0.832389
0.913205
0.21001
0.666461
0.55957
0.935902
0.839152
0.866804
0.81948
0.569942
0.969519
0.899284
0.581834
0.95729
0.925347
0.961663
0.970506
0.955409
0.966964
0.925473
0.855478
0.967465
0.575864
0.921174
0.522561
0.823548
0.985594
0.818304
0.902462
0.874987
0.666671
0.972004
0.936447
0.851365
0.976722
0.945215
0.959165
0.982473
0.863562
0.300806
0.968839
0.538246
0.87331
0.966893
0.930931
0.925013
0.802229
0.113111
0.313785
0.940887
0.849159
0.884487
0.839649
0.921542
0.931106
0.930013
0.978891
0.986112
0.975601
0.59669
0.61074
0.91732
0.8619
0.84879
0.572663
0.830522
0.634357
0.333403
0.915966
0.892228
0.725378
0.811161
0.93762
0.894247
0.787905
0.929904
0.791441
0.824132
0.740827
0.429567
0.958561
0.860465
0.56993
0.911996
0.892098
0.944812
0.350559
0.968281
0.9402
0.946686
0.883148
0.983416
0.896488
0.661685
0.920654
0.869717
0.91042
0.935034
0.917703
0.927188
0.971219
0.649733
0.813485
0.841429
0.871809
0.941155
0.85783
0.806666
0.938664
0.292433
0.933819
0.932196
0.963127
0.644426
0.785899
0.971174
0.901347
0.708247
0.93879
0.968134
0.805913
0.912375
0.806925
0.590979
0.90347
0.790287
0.864888
0.771325
0.976371
0.912037
0.855046
0.863024
0.969427
0.906179
0.953575
0.940292
0.927333
0.682438
0.973097
0.691196
0.981004
0.895795
0.636455
0.401144
0.936387
0.913758
0.695323
0.889786
0.697904
0.843977
0.795578
0.515665
0.895393
0.978289
0.887638
0.939298
0.905971
0.189173
0.550731
0.878624
0.558386
0.734689
0.668832
0.721628
0.82912
0.888063
0.579478
0.854702
0.940899
0.923974
0.76049
0.900025
0.937281
0.947492
0.907026
0.603875
0.933593
0.346307
0.920894
0.93696
0.646549
0.6984
0.983335
0.566495
0.990412
0.954102
0.97297
0.991884
0.942868
0.99425
0.976173
0.816032
0.952235
0.834929
0.827297
0.964318
0.941042
0.926179
0.815574
0.618813
0.988017
0.859281
0.897055
0.882919
0.873947
0.528597
0.718606
0.960114
0.983838
0.942949
0.941147
0.892937
0.879441
0.906021
0.949931
0.946374
0.577336
0.630897
0.898384
0.966749
0.345039
0.803068
0.974425
0.937547
0.829568
0.673381
0.798448
0.514051
0.964602
0.977085
0.896203
0.90265
0.945935
0.834089
0.936635
0.755723
0.725032
0.486419
0.710848
0.796981
0.931388
0.491753
0.517418
0.635811
0.908684
0.0958906
0.912842
0.475344
0.99214
0.742876
0.99909
0.619649
0.737445
0.829152
0.812415
0.962647
0.94044
0.893383
0.940835
0.717983
0.732126
0.923534
0.926583
0.515315
0.889525
0.84713
0.794463
0.681643
0.885901
0.815431
0.915431
0.674434
0.971075
0.990675
0.92598
0.37201
0.931778
0.810163
0.814248
0.974576
0.701737
0.900447
0.35927
0.923199
0.849508
0.931425
0.569
0.936728
0.862597
0.767674
0.644483
0.75277
0.915842
0.982496
0.98357
0.98681
0.904
0.974318
0.96623
0.918418
0.0700611
0.666483
0.982889
0.806717
0.952622
0.910101
0.982314
0.777072
0.654518
0.491202
0.869011
0.935817
0.832242
0.910417
0.770605
0.941082
0.952996
0.915198
0.873122
0.889934
0.912349
0.897169
0.868989
0.743454
0.919517
0.926827
0.936243
0.961348
0.709456
0.913686
0.837132
0.893259
0.8522
0.923494
0.754616
0.372145
0.975531
0.806384
0.562343
0.983712
0.613174
0.964406
0.817379
0.86337
0.740636
0.369102
0.634513
0.721634
0.686841
0.865375
0.242181
0.584882
0.734531
0.553572
0.732015
0.263482
0.547482
0.607581
0.886655
0.876258
0.688557
0.903325
0.938347
0.643764
0.919878
0.847161
0.28139
0.533515
0.618247
0.78668
0.68843
0.704597
0.452204
0.741597
0.714338
0.88037
0.639208
0.565233
0.821848
0.968191
0.730881
0.766354
0.650618
0.974383
0.907171
0.982023
0.963905
0.988538
0.913525
0.965828
0.858384
0.993136
0.900244
0.93654
0.862511
0.952942
0.967693
0.3428
0.820407
0.863121
0.320547
0.889625
0.985019
0.683798
0.750678
0.763442
0.932773
0.358705
0.892832
0.745763
0.96291
0.81033
0.904014
0.779377
0.898136
0.958923
0.678935
0.782233
0.734048
0.907835
0.793423
0.730572
0.584168
0.810522
0.956003
0.97079
0.966693
0.702462
0.982744
0.784688
0.929419
0.613672
0.949875
0.966517
0.729216
0.805827
0.945597
0.414629
0.963823
0.982217
0.909527
0.943077
0.956678
0.903417
0.429153
0.969957
0.946907
0.310115
0.297584
0.961213
0.513289
0.630268
0.50483
0.981771
0.957065
0.970294
0.559976
0.819742
0.927751
0.954499
0.851912
0.820429
0.94241
0.794211
0.954884
0.723953
0.934684
0.885402
0.914859
0.801942
0.953675
0.949237
0.905475
0.866464
0.819483
0.976567
0.411529
0.947475
0.92903
0.966337
0.803854
0.944205
0.85182
0.830957
0.433116
0.88565
0.763466
0.58021
0.92485
0.372055
0.800391
0.782456
0.826517
0.6335
0.622735
0.917012
0.556322
0.886131
0.818406
0.922598
0.867791
0.585457
0.836243
0.905176
0.828663
0.948967
0.910226
0.721205
0.574524
0.911835
0.878917
0.506984
0.924606
0.598756
0.703254
0.766264
0.658639
0.908821
0.63498
0.726636
0.865793
0.978311
0.913778
0.582075
0.940685
0.605228
0.953641
0.891737
0.8374
0.875001
0.909381
0.954516
0.930089
0.600847
0.913979
0.964705
0.859461
0.786039
0.957198
0.885671
0.980705
0.931748
0.8347
0.838254
0.960605
0.862394
0.895196
0.775712
0.936632
0.949559
0.941683
0.943308
0.693566
0.851127
0.201497
0.768164
0.868409
0.807616
0.600934
0.53732
0.534222
0.582618
0.843467
0.408009
0.651269
0.885974
0.981892
0.902653
0.96289
0.919233
0.909554
0.946918
0.973779
0.975332
0.98743
0.860471
0.789993
0.923956
0.968543
0.71308
0.982711
0.793678
0.943723
0.608707
0.692955
0.975515
0.875548
0.967197
0.153542
0.968698
0.514771
0.570005
0.989318
0.982167
0.886346
0.89278
0.739004
0.809629
0.964195
0.822966
0.459829
0.955919
0.957673
0.734227
0.955614
0.916436
0.826839
0.562909
0.875795
0.502788
0.748845
0.781039
0.229097
0.863205
0.962843
0.613575
0.664674
0.977667
0.895232
0.810146
0.897319
0.829466
0.64937
0.88532
0.511922
0.820614
0.92296
0.813542
0.947576
0.786543
0.83825
0.81947
0.748633
0.883022
0.862529
