0.997731
0.999869
0.998646
0.979049
1
0.986196
0.987722
0.999206
0.999593
0.998768
0.999583
0.992444
0.991461
0.99868
0.930721
0.951523
0.999999
1
0.993605
0.993565
0.99525
0.993956
0.993361
0.95026
0.993743
0.993638
0.998565
0.999981
1
0.999648
0.999604
0.999594
0.999596
0.99967
0.999578
0.999576
0.999595
0.999598
0.999151
0.999795
0.9996
0.99782
0.916662
0.999715
0.999607
0.999579
0.999705
0.999769
0.997315
1
1
0.997683
0.926508
0.999179
0.998628
0.962649
0.940821
0.77985
0.980194
0.778364
0.885423
0.863895
0.876606
0.996752
0.996238
0.696789
0.975191
0.998567
0.990434
0.969048
0.999762
0.984774
0.999726
0.999859
0.999858
0.999851
0.999428
0.99986
0.999691
0.999857
0.999859
0.962901
0.804757
0.945843
1
0.999071
0.998633
0.977021
0.997712
0.997967
0.997584
0.997165
0.996994
0.84704
0.999869
0.999518
0.999836
0.9999
0.999783
0.998672
0.959216
0.994404
0.977625
1
1
0.997601
1
0.983941
0.992715
0.996353
0.997602
0.995772
0.984475
0.997387
0.998027
0.997383
0.997326
0.997557
1
0.998415
0.999529
0.999522
0.999867
0.999795
0.999625
0.999774
0.533421
0.999608
0.945922
0.916333
1
0.990314
0.912666
0.93971
0.939725
0.940772
0.976513
0.998861
0.991153
0.978954
0.999731
0.996062
0.99467
0.995928
0.995619
0.99996
0.999889
0.99991
0.999962
0.912683
0.921326
0.999174
0.999777
1
0.999941
0.99995
0.999992
0.999947
1
0.999934
0.999997
0.997778
0.997928
0.998597
0.89008
0.997278
0.998278
0.982083
0.998297
0.997947
0.998291
0.996588
0.975279
0.996059
0.99624
0.653438
1
0.998746
0.996307
0.998575
0.987907
0.99997
0.99987
0.961071
0.998444
0.563822
0.999906
0.996218
0.655943
0.997677
0.996991
0.99982
0.998589
0.997427
0.997828
0.980939
0.998044
0.998925
0.995561
0.943813
0.910535
0.920329
0.933722
0.760931
0.972008
0.971756
0.973369
0.969812
0.959636
0.997817
0.999333
0.9367
0.998822
0.998733
0.999473
0.998803
0.989023
0.668894
0.960188
0.921929
0.999827
0.999632
0.999398
0.976983
0.999386
0.998136
0.999482
0.999386
0.998257
0.994746
0.993183
0.994748
0.995004
0.978852
0.995372
0.993662
0.993292
0.99475
0.994751
0.994769
0.994737
0.977609
0.994736
0.993829
0.97488
0.974238
0.998307
0.984665
1
0.997361
0.996718
0.993021
0.997608
0.994196
0.967849
0.997484
0.996719
0.99674
0.966416
0.999639
0.951495
1
1
0.926995
0.999999
0.996946
0.999999
0.999992
0.999964
0.997361
0.999995
0.999969
0.999968
0.999999
0.999997
0.999971
1
1
0.99988
0.997341
0.99988
0.977733
0.999895
0.930514
0.996718
0.999877
1
1
0.997245
0.904871
0.7592
0.98296
0.993884
0.999931
0.989893
0.956935
1
0.952757
0.988939
0.989479
0.983571
0.990795
0.983029
0.989386
0.992288
0.999484
0.999995
1
0.999964
0.999969
0.99996
0.999968
0.999966
0.996534
0.999965
0.999965
0.999998
0.999964
0.999992
0.999393
0.599402
0.999223
0.999409
0.999559
0.981197
0.999437
0.993955
0.998809
0.998806
0.998808
0.973103
0.998808
0.994913
0.998775
0.735328
0.817349
0.99935
0.999568
0.995692
0.911284
0.956118
0.998642
0.996851
0.970522
0.979655
0.818715
0.977951
0.96008
0.978559
0.962344
0.998411
0.998399
0.997351
0.998253
0.998397
0.998403
0.998408
0.998392
0.998401
0.998405
0.9984
0.9983
0.996764
0.998244
0.998407
0.997387
0.998404
0.998388
0.997973
0.999989
0.99999
0.999895
0.99432
0.997558
1
0.999899
1
0.934778
0.91867
0.896144
0.909196
0.985952
0.986175
0.990583
0.999254
0.892203
0.999235
1
0.961555
0.997451
0.996619
0.99449
0.99765
0.997743
0.971171
1
0.997285
0.999266
1
1
0.999605
0.98138
0.997755
0.998696
0.998668
0.998717
0.979132
0.998331
0.982131
0.974571
0.970402
0.984665
0.965634
0.999069
0.865039
0.746248
0.72354
0.74062
0.616593
0.928635
0.999221
1
0.985914
0.998882
0.998065
1
1
0.954303
0.990434
0.998567
0.982664
0.996042
0.990434
0.998567
0.945922
0.412203
0.999548
1
0.941816
0.863631
0.934643
0.977913
0.999859
0.998399
0.998493
0.976344
0.941135
0.955622
0.96906
0.890952
0.97054
0.999643
0.999115
0.999219
0.998975
0.986669
0.646034
0.991059
0.994858
0.994979
0.999859
0.99933
0.999294
0.991086
0.995627
0.966572
0.974264
0.933196
0.977845
0.998567
0.990434
0.979272
0.998543
0.990756
0.998204
0.981348
0.981768
0.982789
0.978393
0.99948
0.997856
0.9999
0.997172
0.999825
0.985671
0.999916
0.99993
0.999932
0.999908
0.999932
0.999464
0.985671
0.998283
0.999919
0.999415
0.999914
0.999772
0.999923
0.987856
0.990202
0.992736
0.992597
0.976589
0.898996
0.929091
0.990862
1
0.99067
0.999653
1
0.999507
0.998115
0.998926
0.99807
0.998003
0.992816
0.998731
0.997805
0.997835
0.996054
0.997805
0.997829
0.818307
0.876822
0.816689
0.988441
0.933245
0.907465
0.997617
0.974867
0.997711
0.99786
0.997249
0.990973
0.990441
0.968617
0.851385
0.988414
0.989599
0.987671
0.987114
0.99661
0.991388
0.998325
0.998499
0.998859
0.99884
1
0.934933
0.98976
0.999913
0.968481
0.99459
0.999753
0.99971
0.99935
0.995864
0.981599
0.537517
0.999464
0.99777
0.996506
0.997899
0.997793
0.997823
0.998511
0.997786
0.997754
0.997782
0.997757
0.997768
0.997828
0.997753
0.964527
0.997751
0.997766
0.997634
0.998317
0.999382
0.999365
0.987391
0.995124
0.998876
0.998849
0.783252
0.902303
0.97392
0.86796
0.912156
0.999864
0.999798
0.999864
0.999864
0.999862
0.999864
0.999848
0.999864
0.999855
0.99136
0.999854
0.998978
0.999863
0.999577
0.999911
0.999904
0.999911
0.999911
0.999814
0.999659
0.999911
0.999793
0.999911
0.999864
0.999905
0.999911
0.999894
0.999911
0.999909
0.99991
0.99985
0.998745
0.997195
0.936582
0.999704
0.996342
0.99868
0.913519
0.938053
0.922285
0.91443
0.894452
0.946645
0.959638
0.990668
0.711332
0.984952
0.6129
0.998654
0.998526
0.785493
0.998703
0.98902
0.822405
0.998577
0.998037
0.974197
0.998115
0.998926
0.998447
0.952579
0.993662
0.590872
0.398698
0.999749
0.986481
0.812008
0.998567
0.990434
0.90878
0.999976
0.988895
0.997551
0.797146
0.997458
0.997994
0.993691
0.989475
0.989485
0.989529
0.993231
0.993811
0.998549
0.96486
0.913527
0.862072
0.898404
0.870274
0.874889
0.996711
0.999985
0.998266
0.999989
0.99999
0.999088
0.999959
0.973524
0.997146
0.880107
0.999961
0.99999
0.994497
0.99734
0.995846
0.995372
0.997296
0.994583
0.997333
0.993804
0.989397
0.995954
0.995903
0.99036
0.963466
1
0.989882
0.966842
0.999899
0.998412
0.984424
0.887993
0.996117
0.998744
0.999324
0.998644
0.99763
0.999224
0.999226
0.996713
0.999224
0.99957
0.999041
0.995137
0.999224
0.99905
0.999194
0.999245
0.990046
0.9371
1
1
0.99973
0.987889
0.999712
0.997163
0.999706
0.991688
0.987546
0.991934
0.991901
0.992123
0.991926
0.991848
0.991176
0.996818
0.991886
0.999537
0.998952
0.99886
0.998857
0.996279
0.998952
0.998853
0.998857
0.998854
0.998852
0.998726
0.998849
0.997788
0.998476
0.99803
0.998473
0.945768
0.993586
0.999266
0.998099
0.999289
0.999232
0.999289
0.999221
0.999261
0.999304
0.99801
0.999794
0.994839
0.942063
0.99841
0.977296
0.999847
0.760181
0.825834
0.679101
0.723503
0.99936
0.984884
0.97488
0.974238
0.992323
0.996161
0.996269
0.996916
0.996372
0.984852
0.993574
0.987117
0.99148
0.992242
0.987925
0.993445
0.989872
0.997993
0.997921
0.997654
0.998799
0.996912
0.99682
0.994081
0.99806
0.997837
1
0.992689
0.998895
0.998882
0.734738
0.999365
0.99883
0.998546
0.980131
0.998593
0.998627
0.999814
0.999879
0.99915
0.999858
0.999917
0.999917
0.999887
0.97488
0.974238
0.999617
0.99663
0.926284
0.696213
0.9996
0.998419
1
0.858579
1
0.986208
0.992566
0.999986
0.999924
0.999922
0.99224
0.999998
0.999979
0.999998
0.999999
0.944352
0.935457
0.97088
0.991145
0.986804
0.990974
0.99182
0.992176
0.900802
1
0.49606
0.998922
0.998453
0.999532
0.994604
0.94839
0.998683
0.985023
0.832026
0.987263
0.991346
0.990402
1
0.997234
0.984945
0.999378
0.99933
0.999355
0.970919
0.968626
0.925535
0.969356
0.958442
0.994489
0.999329
0.943627
0.997926
0.998796
0.998762
0.997053
0.923393
0.998796
0.995021
0.998766
0.998963
0.998835
0.998854
0.999008
0.996257
0.998864
0.998931
0.998855
0.998867
0.983486
0.988079
0.999712
0.998708
0.997403
0.999453
0.998769
0.99069
0.953797
0.998692
0.994788
0.996203
0.996173
0.995479
0.996028
0.996022
0.996136
0.965369
0.947576
0.962513
0.95703
0.954703
0.938875
0.955612
0.999312
0.999421
0.999417
0.999421
0.998564
0.999403
0.999336
0.999294
0.99736
0.999414
0.996341
0.997106
0.998564
0.992352
0.987745
0.999502
0.999518
0.998192
0.999298
0.999284
0.989671
0.999304
0.999055
0.788756
0.999898
0.99974
0.999768
0.999742
0.995899
0.999742
0.999135
0.99133
0.99571
0.995296
0.959928
0.999447
0.999461
0.999437
0.999843
0.719417
0.950516
0.999852
1
0.996249
0.993793
0.991342
0.995619
0.995584
0.990084
0.999651
0.999822
0.999813
0.999167
1
0.848288
0.650369
0.767567
0.424431
0.999945
0.999572
0.999848
0.99995
1
0.999987
1
1
1
0.784212
0.992512
0.970689
0.989496
0.999633
0.999255
0.984177
0.929091
0.898996
0.991456
0.993764
0.77985
0.940821
0.980194
0.906363
0.99226
0.9645
1
0.964035
1
0.980029
0.946645
0.990434
0.998567
0.970249
0.906493
1
0.998678
0.943124
0.987691
0.924291
0.908038
0.999922
0.999904
0.997927
0.999923
0.999901
0.999924
0.999902
0.998227
0.999925
0.999924
0.999903
0.999924
0.999925
0.9999
0.99936
0.998927
0.998927
0.994236
0.997053
0.99899
0.998536
0.998927
0.999286
0.998927
0.998944
0.998278
0.998987
0.99738
0.984214
0.997303
0.997833
0.998934
0.999675
0.958572
0.973365
0.990738
0.93764
0.999895
0.955058
0.999898
0.962273
0.96318
0.995617
0.946122
0.998681
0.998934
0.99894
0.996938
0.999722
0.999385
0.988391
0.999362
0.999807
0.999803
0.999809
0.999217
0.994716
0.912221
0.576519
1
0.89008
0.997102
0.996414
0.996955
0.996867
0.999259
0.984236
0.999286
0.957497
0.999329
0.999142
0.998902
0.997347
0.997875
0.999332
0.99933
0.999317
0.998933
0.999323
0.99945
0.96154
0.999756
0.99976
0.999768
0.998707
0.996227
0.997764
0.998628
0.999765
0.9676
0.984084
0.999293
0.941107
0.999306
0.979874
0.997588
0.999356
0.977951
0.982884
0.998235
0.99826
0.998234
0.953589
0.998523
0.995582
0.998976
0.997058
0.995254
0.995354
0.997115
0.998235
0.997396
0.999719
0.999718
0.999722
0.9981
0.999474
0.969028
0.999332
0.999566
0.929835
0.892792
0.882042
0.870283
0.789768
0.997111
0.997111
0.997157
0.997103
0.997115
0.99628
0.997239
0.789434
0.996262
0.99773
0.997111
0.99548
0.999632
0.951558
1
0.968128
0.972676
0.975702
0.921356
0.984127
0.980439
0.968128
0.995686
0.994226
0.988291
0.99334
0.994224
0.990468
0.987377
0.989242
0.990479
0.998986
0.998996
0.998284
0.999019
0.993341
0.998252
0.999127
0.991933
0.990828
0.995827
0.99591
0.994774
0.995939
0.984817
1
0.996473
0.998224
0.993792
0.996502
0.99988
0.997881
0.999606
0.999635
0.998972
0.998973
0.998835
0.998972
0.987171
0.995012
0.998977
0.998687
0.999022
0.99897
0.998959
0.988163
0.974885
0.997098
0.964308
0.9771
1
0.986222
0.998093
0.994568
0.997661
0.99807
0.997626
0.988161
0.989552
0.995978
0.916103
0.998544
0.999678
0.968334
0.999571
0.999823
0.999689
0.988988
0.998074
0.999695
0.999822
0.98988
0.563642
0.916957
1
0.999363
0.998051
0.998055
0.99805
0.99805
0.997412
0.998051
0.998057
0.998025
0.998055
0.996695
0.99805
0.99804
0.998035
0.99805
0.99805
0.998063
0.998304
0.999804
0.999802
0.999757
0.998499
0.977851
0.999789
0.999767
0.999809
0.99978
0.999768
0.999814
0.999793
1
0.999066
0.998885
0.999035
0.998752
0.997406
0.998957
0.994419
0.997796
0.992983
0.997566
0.997515
0.997576
0.997945
0.997513
0.99753
0.997458
0.998609
0.999595
0.999657
0.998896
0.999014
0.999009
0.987182
0.998771
0.987082
0.984506
0.987343
0.981464
0.986704
0.985993
0.927194
0.987078
0.981902
0.97694
0.97694
0.996806
0.957359
0.999303
0.998831
0.915444
0.981218
0.998837
0.998817
0.998809
0.997725
0.998199
0.997596
0.997562
0.997561
0.998228
0.997335
0.99769
0.988304
1
0.999835
0.999847
0.999841
0.999671
0.999843
0.999841
0.999841
0.999457
0.99984
0.999834
0.999795
1
0.998989
1
0.999702
0.96731
0.999698
0.997235
0.965732
0.999428
0.985821
0.999152
0.997396
0.999178
0.99918
0.999174
0.999179
0.997007
0.993476
0.994924
0.993468
0.993428
0.970996
0.999872
0.99968
0.999769
0.882005
0.99974
0.999712
0.999437
0.999584
0.99935
0.999343
0.999205
0.999335
0.999336
0.999343
0.999346
0.999344
0.999311
0.999364
0.997773
0.999343
0.999344
0.998605
0.999341
0.999343
0.999312
0.999344
0.999385
0.999343
0.999136
0.999343
0.999606
1
1
1
0.997601
0.959246
0.999896
0.999699
0.962497
0.999898
0.991792
0.97602
0.939227
0.995814
0.996337
0.966334
0.999475
0.995427
0.999535
0.999473
0.995693
0.964859
0.981365
0.999031
0.992695
0.997742
0.992316
0.992697
0.992704
0.992667
0.993462
0.984532
0.999126
0.984264
0.99903
0.999812
0.999815
0.999812
0.997407
0.998567
0.990434
0.845118
0.999512
0.999584
0.999183
0.99945
0.991403
0.999148
0.816378
0.999476
0.998576
0.991601
0.999662
0.991601
0.998494
0.9996
0.999936
0.997351
0.99856
0.998819
0.999897
0.995124
0.999897
0.999636
0.989349
0.999676
0.999234
0.997238
0.750131
0.967007
0.996691
0.999744
0.999689
0.999694
0.995088
0.999692
0.997263
0.999683
0.909296
0.971697
0.966231
0.978096
0.908038
0.999174
0.990788
0.989674
0.997238
0.989481
0.988592
0.9935
0.98647
0.974238
0.97488
0.999686
0.99967
0.998429
0.999675
0.991679
0.999635
0.998923
0.999267
0.972785
0.994764
0.998992
0.999294
0.956135
0.941566
0.998044
0.999364
0.999396
0.999381
0.998115
0.997602
0.978033
0.999457
0.999368
0.999289
0.999316
0.997014
0.999328
0.999328
0.999361
0.999386
0.999364
0.999809
0.96188
0.999429
0.952847
0.999556
0.999732
0.980584
0.766758
0.987088
0.998739
0.949954
0.998996
0.99847
0.998328
0.998147
0.907465
0.830154
0.9987
0.912814
0.850915
0.998608
0.995421
0.971611
0.995421
0.968315
0.990395
0.998512
0.998295
0.99826
0.881923
0.9939
0.998332
0.998357
0.894846
0.998513
0.947576
0.972764
0.999449
0.999472
0.999454
0.996439
0.99988
0.99988
0.997341
0.999078
1
0.998977
0.928974
0.99487
0.954139
0.834997
0.824308
0.999926
0.913411
0.999878
0.998774
0.998764
0.998752
0.986205
0.998759
0.998374
0.998941
0.998762
0.998725
0.986205
0.999744
0.992621
0.994516
0.99261
0.995078
0.99317
0.992592
0.992593
0.9927
0.99701
0.99979
0.999051
0.999727
0.999689
0.999895
0.913487
0.979899
1
0.999359
0.999344
0.999308
0.994631
0.924085
0.996758
0.999224
0.990206
0.999343
0.999306
0.966004
0.999367
0.999553
0.934674
0.999939
0.995773
0.946414
0.999493
0.99977
1
1
0.997713
0.998575
0.998539
0.99764
0.998461
0.995257
0.997958
0.998513
0.975026
0.996093
0.994756
0.996073
0.999474
0.998284
0.999571
0.999899
0.999845
0.960364
0.999953
0.996921
0.997665
0.999746
0.661989
0.998419
0.999606
0.99984
0.997881
0.914186
0.921453
0.934315
0.770428
0.766758
0.830154
0.935321
0.917703
0.977135
0.999784
0.978701
0.976766
0.994657
0.99986
0.999862
0.999769
0.999852
0.983205
0.999892
0.833655
0.999639
0.997031
0.978504
0.99733
0.998979
0.994449
0.943029
0.965876
0.994551
0.998599
0.992601
0.999427
0.993844
0.994604
0.994764
0.992888
0.976377
0.972428
0.910547
0.933101
0.95574
0.990829
0.991087
0.990402
0.990896
0.991013
0.990499
0.99423
0.993182
0.993217
0.995557
0.994242
0.993225
0.998567
0.990434
0.998821
0.944937
1
0.98017
0.999554
0.999799
1
0.999217
0.999049
0.999218
0.999218
0.999217
0.999218
0.920357
0.999706
0.999702
0.999702
0.996258
0.999706
0.998758
0.999706
0.999705
0.999699
0.999455
0.997234
0.999644
0.99762
0.999456
0.999702
0.997301
0.999707
0.996177
0.998585
0.999706
0.995571
0.999706
0.999692
0.999666
0.998537
0.999693
0.948708
0.999828
0.999679
0.999691
0.971616
0.999633
0.999699
0.999699
0.998938
0.999644
0.998009
0.999699
0.999685
0.999686
0.999991
0.99999
0.999389
0.996789
0.998741
0.999228
0.999215
0.997926
0.999208
0.999215
0.998381
0.995637
0.990631
0.999227
0.999229
0.999216
0.99866
0.999231
0.999227
0.999367
0.999302
0.999359
0.98964
0.998241
0.999322
0.999458
0.999382
0.979282
0.999156
0.990509
0.982714
0.994336
0.950128
0.965436
0.993882
0.999884
0.999884
0.984053
0.999884
0.999488
0.994969
0.995632
0.98359
0.980753
0.999911
0.798612
0.999938
0.990343
0.999944
0.999949
1
0.944541
0.999461
0.999313
0.999012
0.99641
0.998709
0.999125
0.99911
0.993313
0.999461
0.999448
0.998933
0.999261
0.999458
0.998869
0.911622
0.992225
0.999239
0.999448
0.999458
0.993256
0.977377
0.999125
0.999835
0.999522
0.983248
0.999568
0.999461
0.999286
0.99929
0.927194
0.727425
0.999285
0.999302
0.999281
0.999281
0.99928
0.99928
0.913289
0.902538
1
0.677387
1
1
1
0.998978
0.995463
0.954908
1
1
1
0.964859
0.999425
0.999862
0.999863
0.999602
0.999727
0.999862
0.999856
0.995707
0.999861
0.999862
0.999862
0.999326
0.999865
0.999859
0.999865
0.999862
0.999862
0.999859
0.999861
0.999863
0.999845
0.999863
0.999863
0.965304
0.973828
0.943575
0.973951
0.976764
0.933998
0.998564
0.997186
0.933892
0.92791
0.994506
0.994609
0.9953
0.994618
0.999672
0.998931
0.999345
0.992939
0.999673
0.998163
0.983191
0.990124
0.997913
0.997913
0.996817
0.997869
0.997876
0.995046
0.996547
0.988409
0.999988
0.722795
0.970529
0.999731
0.782987
0.999942
0.998426
0.999986
0.996262
0.997317
0.997355
0.995685
0.995692
0.996035
0.995688
0.984372
0.998803
0.999923
0.628982
0.999974
0.998943
0.999699
0.985241
0.995026
0.999989
1
0.525421
0.999937
0.999976
0.999732
0.999444
0.741146
0.997146
0.998689
0.971444
0.998689
0.999462
0.726122
0.990741
0.997211
0.998118
0.972481
0.945376
0.997744
0.999708
0.998672
0.606537
0.748736
0.983833
0.963662
0.999169
0.99944
0.998801
0.998522
0.998524
0.998938
0.979383
0.999109
0.942652
0.921347
0.99905
0.999591
0.990956
0.999588
0.999593
0.999568
0.999554
0.999573
0.999582
0.999573
0.999587
0.999588
0.999592
0.999588
0.982597
0.999577
0.999576
0.999587
0.999588
0.995277
0.98728
0.995241
0.987371
0.980322
0.978878
0.922899
0.997422
0.999595
0.999803
0.999796
0.995525
0.94073
0.999521
0.986185
0.922449
0.944293
0.983508
0.993875
0.993224
0.991177
0.997179
0.986781
0.974585
0.937147
0.99963
0.997519
0.96668
0.999471
0.926555
0.999625
0.916677
0.99626
0.976065
0.94231
0.981688
0.973424
0.975378
0.97318
0.986386
0.958166
0.988159
0.999617
0.999493
0.997898
0.998188
1
0.997478
0.997234
0.913747
0.999459
0.98144
0.99171
0.998361
0.996363
0.996874
0.988912
0.9978
0.997048
0.999323
0.884353
0.997542
0.99935
0.999467
0.99934
0.999259
0.999439
0.999267
0.999331
0.998071
0.999365
0.999329
0.592057
0.998657
0.988516
0.986453
0.998645
0.997055
0.998078
0.962818
0.998955
0.964859
0.881909
0.98423
0.999794
0.999807
0.938029
0.999877
0.809365
0.990273
0.999836
0.998859
0.993467
0.999836
0.999836
0.999833
0.999875
0.999932
0.999933
0.99992
0.999932
0.999933
0.99992
0.997934
0.99993
0.99991
0.999422
0.999912
0.998261
1
0.999152
0.993579
0.983574
0.999851
0.999865
0.964859
0.997949
0.999546
0.998368
0.999687
0.99967
0.989275
0.9993
0.981036
0.999905
0.999919
0.99992
0.99992
0.999915
0.997738
0.999882
0.999262
0.999886
0.99992
0.979758
0.99992
0.999905
0.999916
0.993095
0.999384
0.999379
0.99938
0.988705
0.998936
0.988896
0.998897
0.959455
0.999357
0.918387
0.641632
0.96937
0.956242
0.987026
0.963892
0.9995
0.999499
0.999498
0.999502
0.995586
0.999502
0.999496
0.999498
0.999499
0.999383
0.9995
0.999503
0.999495
0.999499
0.999502
0.999499
0.999502
0.999502
0.999106
0.997309
0.99764
1
0.992689
0.99176
0.992323
0.977248
0.999916
0.998405
0.98599
0.999911
0.99991
0.999962
0.99999
0.999535
0.999958
0.999139
0.999958
0.999983
0.999995
0.999954
0.999988
0.997465
0.984011
0.998227
0.9878
0.999655
0.999643
0.859204
0.999784
0.996002
0.999153
0.999152
0.998914
0.999167
0.999184
0.999152
0.999152
0.999153
0.91273
0.928173
0.998186
0.975627
0.975488
0.968395
0.722149
0.99951
0.963066
0.917623
0.93531
0.999275
0.981631
0.898467
0.989433
0.99062
0.991315
0.98878
0.986235
1
0.986652
0.990094
0.990986
0.988141
0.989038
0.88915
0.979678
0.990076
0.999401
0.998965
0.998537
0.991251
0.999276
0.995349
0.996778
0.996052
0.999737
0.997123
1
1
0.996402
0.9759
0.999995
0.999595
0.998325
0.958237
0.999461
0.999579
0.780737
0.897093
0.967976
0.995344
0.999018
0.93268
0.984006
0.998731
0.999843
0.995932
0.402556
0.996681
0.294001
0.989356
0.986917
0.995829
0.997949
0.481281
0.478678
0.490948
0.533146
0.999587
0.999482
0.999657
0.998725
0.999434
0.999357
0.999567
0.999548
0.999585
0.999585
0.997113
0.997143
0.997112
0.990434
0.998567
0.998037
0.982574
0.969438
0.979351
0.992924
0.92085
0.81108
0.986096
0.999978
0.99998
0.999978
0.990032
0.998429
0.998932
0.999286
0.999443
0.996321
0.991342
0.999807
0.990771
0.998971
0.999398
0.999479
0.999483
0.765528
0.999482
0.999491
0.996177
0.984216
0.998759
0.999486
0.984091
0.999483
0.998926
0.999482
0.999483
0.999483
0.999338
0.980838
0.979721
1
0.999952
0.998806
0.859211
0.999952
0.959868
0.999437
0.998943
0.861043
0.999445
0.998427
0.999455
0.986947
0.999898
0.933546
0.971818
0.998403
0.957453
0.995395
0.981454
0.991636
0.995726
0.968741
0.887624
0.84359
0.836025
0.85306
0.997519
0.971666
0.996244
0.997962
0.988938
0.995962
0.997901
0.99989
0.9993
0.99988
0.985227
0.998283
0.998911
0.996988
0.999739
0.99893
0.996647
0.993852
0.999835
0.999872
0.999599
0.999366
0.931381
0.967916
0.514671
0.993494
0.998363
0.997327
0.9985
0.998999
0.998526
0.998563
0.998537
0.962717
0.999777
0.999696
0.995658
0.993995
0.992844
0.988928
0.992785
0.999678
0.999571
0.912697
0.995338
0.96812
0.962402
0.991336
0.999607
0.999408
0.999398
0.999615
0.999215
0.999699
0.999514
0.999051
0.998928
0.999043
0.999355
0.999096
0.999244
0.956552
0.998945
0.994296
0.993412
0.72916
0.997725
0.997717
0.989657
0.991987
0.982816
0.978166
0.993136
0.983755
0.998928
0.927205
0.998125
0.987402
0.928217
0.999999
0.997908
0.999885
0.970288
0.999847
0.990391
0.974264
0.992359
0.957212
0.934464
0.997293
0.990348
0.968322
0.998476
0.971638
0.998573
0.995378
0.995378
0.998781
0.997412
0.940405
0.995161
0.99579
1
0.999794
0.998206
0.998866
0.971811
0.998975
0.998755
0.997665
0.996873
0.99813
0.99891
0.996901
0.950526
0.998646
0.980452
0.999849
0.999857
0.987742
0.976656
0.983232
0.981212
0.977247
0.999843
0.99911
0.999311
0.998111
0.99939
0.966547
0.999529
0.999668
0.999669
0.999631
0.999415
0.989581
0.999669
0.999669
0.99854
0.969295
0.9998
0.998863
0.999651
0.999708
0.886961
0.999768
0.999765
0.996768
0.99976
0.999767
0.999765
0.996666
0.999765
0.998594
0.9764
0.999666
0.999678
1
0.997623
0.997567
0.997933
0.863469
0.879478
0.997515
0.992528
0.999943
0.998405
0.825917
0.992899
0.997607
0.974264
0.998499
0.997937
0.997848
0.999497
0.99727
0.997317
0.980442
0.997218
0.985677
0.965668
0.99993
0.989801
0.999261
0.983921
0.572537
0.997347
0.923355
0.993632
0.99934
0.999331
0.999993
0.99961
0.999993
0.999293
0.999993
0.99973
0.998552
0.998307
0.9999
0.999863
0.9999
0.9999
0.9999
0.999863
0.999863
0.999863
0.999883
0.999863
0.901494
0.932188
0.869776
0.912268
0.854582
0.99733
0.996221
1
0.956951
0.999249
0.939416
0.976779
0.991975
0.994845
0.998569
0.998907
0.984022
0.998426
0.984794
0.99956
0.995018
0.908038
1
0.999803
0.996251
0.956072
0.988499
0.999803
0.97989
0.981629
0.999714
0.997234
0.950503
0.997027
0.99742
0.971044
0.942145
0.997088
0.997461
0.980078
0.997102
0.99956
0.742465
0.976435
0.998523
0.999791
0.999883
0.959962
0.999884
0.999884
0.999886
0.999692
0.976148
0.96474
0.966789
0.999889
0.998579
0.999915
0.990966
0.943876
1
1
1
1
1
0.998756
0.998408
0.998237
0.998047
0.998424
0.998397
0.992739
0.99833
0.995491
0.992109
0.898996
0.929091
0.987349
0.999966
0.999944
0.999911
0.999806
0.999086
0.999818
0.999907
0.997705
0.997709
0.997995
0.99772
0.998926
0.998665
0.993508
0.916315
0.750337
0.862397
0.976504
0.992626
0.987827
0.949076
0.94391
0.999455
0.989408
0.97781
0.997262
0.999126
0.984532
0.971972
0.997332
0.999812
0.977363
0.994549
0.996354
0.996334
0.996354
0.996365
0.996354
0.996384
0.994188
0.994599
0.997852
0.984142
0.986845
0.982346
0.984145
0.992205
0.989905
0.992013
0.961982
0.990913
0.98243
0.991925
0.975194
0.984529
0.991248
0.986978
0.970556
0.98243
0.982346
0.991925
0.97835
0.983947
0.968412
0.974558
0.948402
0.898193
0.998961
0.998367
0.999908
0.999271
0.955297
0.997786
0.997778
0.9979
0.997669
0.735575
0.997235
0.890004
0.98378
0.891775
0.80876
0.96681
0.999663
0.974299
0.995068
0.999515
0.996241
0.994873
0.999239
0.989426
0.972422
0.991053
0.565801
0.98734
0.953398
0.959931
0.963202
0.936663
0.999249
0.939416
0.956951
1
0.999273
0.999719
0.979542
0.98781
0.990054
0.991866
0.986238
0.99468
0.901586
0.998928
0.999713
0.967011
0.999873
0.973391
0.99129
0.990973
0.986424
0.998714
0.998078
0.97785
0.972209
0.976862
0.999984
0.999214
0.992576
0.962481
0.999181
0.696213
0.997592
0.997584
0.997592
0.997435
0.995696
0.997593
0.997325
0.996794
0.997593
0.997614
0.997621
0.997591
0.997642
0.997592
0.999923
0.99985
0.98386
0.976035
0.999374
0.999994
0.998835
0.999087
0.998903
0.99888
0.999369
0.999358
0.999115
0.999183
0.994551
0.999192
0.999635
0.99967
0.999686
0.991679
0.998429
0.999675
0.590014
0.998016
0.98734
0.953398
0.565801
0.944094
0.998073
0.995037
0.998044
0.994266
0.998741
0.999178
0.998119
0.990434
0.998567
0.999521
0.702564
0.999999
0.999734
0.999685
0.999729
0.999833
0.978702
0.99984
0.983314
0.999988
0.999963
0.887624
0.84359
0.836025
0.85306
0.600417
0.999965
1
1
0.999881
1
0.942238
1
0.947417
0.949807
0.944811
0.925463
0.953991
0.940755
0.999018
0.999273
0.999479
0.9472
0.98366
0.952855
0.989455
0.988998
0.999742
0.569687
0.999792
0.998988
0.999751
0.890921
0.983964
0.997328
0.999558
0.990975
0.991519
0.999962
0.976779
0.999779
0.999756
0.999928
0.98734
0.953398
0.565801
0.994011
0.998853
0.999784
0.999705
0.996044
0.999782
0.999784
0.999783
0.999787
0.999784
0.93267
0.998007
0.999267
0.999277
0.999269
0.999267
0.999083
0.999267
0.999091
0.999416
0.999267
0.999265
0.996945
0.995543
0.9465
0.962953
0.999901
0.990434
0.998567
0.999412
0.999806
0.98267
0.805451
0.914149
0.991671
0.999206
0.997767
0.93308
0.999185
0.99477
0.993339
0.982667
0.981477
0.98257
0.981074
0.976408
1
0.997554
0.818715
0.970522
0.96008
0.979655
0.977951
0.978559
0.962344
1
0.9976
0.999946
0.999725
0.998902
0.999733
0.999082
0.999009
0.999016
0.998989
0.999032
0.992643
0.998717
0.999073
0.840486
0.998143
0.991119
0.9772
0.99239
0.989411
0.992632
0.991819
0.997408
0.981607
0.994727
1
0.999623
1
1
0.935798
0.997633
0.999901
0.99949
0.999901
0.996867
0.999901
0.999885
0.999886
0.9999
0.999897
0.999888
0.999901
0.999756
0.996974
0.999459
0.996867
0.961997
0.959961
0.982529
0.930043
0.999841
0.999721
0.977698
0.999672
0.988195
0.999547
0.997962
0.997714
0.997277
0.998543
0.98604
0.946239
0.998663
0.998048
0.995269
0.995004
0.995661
0.995195
0.890315
0.998653
0.999296
0.999709
0.939071
0.991423
0.999276
0.995287
0.707761
1
0.898505
0.999912
0.999903
0.999912
0.999892
0.999906
0.999251
0.999915
0.995946
0.999912
0.999913
0.998729
0.999105
0.999913
0.999912
0.999911
0.999911
0.984338
0.999912
0.999911
0.999906
0.999901
0.999878
0.986365
0.99871
0.999911
0.830154
0.999804
0.998071
0.999152
0.957341
0.948935
0.999392
0.534126
0.999538
0.999339
0.997558
0.538526
0.998068
0.935985
0.999887
0.999635
0.999606
0.997881
0.997785
0.997368
0.993691
0.963218
0.999582
0.991978
0.846574
0.992059
0.865862
0.997787
0.998016
0.997682
0.997743
0.984884
0.999633
0.999907
0.999872
0.999844
0.999903
0.999776
0.999896
0.999903
0.997736
0.999908
0.999875
0.991472
0.9975
0.999095
0.9998
0.999087
0.990743
0.967712
0.998957
0.987615
0.996514
0.996506
0.752777
0.997496
0.990006
0.950171
0.973883
0.990723
0.968199
0.760083
0.995835
0.997623
0.982897
0.999602
0.999612
0.957946
0.999405
0.999598
0.998567
0.990434
0.981816
0.999867
0.999425
0.999866
0.964322
0.917833
0.812626
0.999751
0.999729
0.96668
0.999368
0.999263
0.993197
0.998363
0.999335
0.999718
0.999154
0.949076
0.987827
0.993993
0.993953
0.995123
0.932212
0.999889
0.999483
0.999206
0.723117
0.7966
0.846517
0.999561
0.99956
0.999271
0.998048
0.999125
0.999718
0.999564
0.999564
0.999567
0.997374
0.999484
0.999564
0.997326
0.996035
0.948854
0.998719
0.99936
0.986607
0.997564
0.998299
0.999742
0.999675
0.999408
0.999599
0.998326
0.999679
0.999402
0.999744
0.999744
0.999708
0.999744
0.999681
0.99501
0.96032
0.999904
0.999939
0.999685
0.99987
0.999871
0.999871
0.999868
0.999867
0.994798
0.996385
0.999865
0.997755
0.99987
0.99987
0.999574
0.99987
0.893021
0.99987
0.999324
0.99984
0.999867
0.999714
0.999187
0.999871
0.99987
0.99987
0.998993
0.999805
0.999818
0.999797
0.988647
0.721408
0.999565
0.999894
0.998383
0.989519
0.981807
0.999568
0.911367
0.995692
0.999352
0.984346
0.998756
0.999529
0.999439
0.999537
0.996127
0.999501
0.99953
0.999529
0.999484
0.999509
0.984813
0.999483
0.999536
0.996855
0.997726
0.928782
0.905688
0.970712
0.997189
0.992678
0.988388
0.995236
0.998119
0.99777
0.998119
0.998116
0.997863
0.998115
0.998101
0.998118
0.998112
0.997872
0.998119
0.998118
0.998118
0.988072
0.986486
0.952921
0.999399
0.999431
0.996618
0.999419
0.999272
0.990292
0.999283
0.971594
0.999445
0.999387
0.999905
0.999907
0.999962
0.945922
0.844204
0.996366
0.930606
0.997344
0.956898
0.9979
0.990811
0.999994
0.953186
0.998576
1
0.910825
0.994489
0.979132
0.945587
0.999384
1
0.995514
0.999929
0.570205
0.990906
0.991738
0.986312
0.994509
0.98876
0.99339
0.994673
0.993873
0.990934
0.992183
0.993014
0.908625
0.999882
0.999875
0.970299
0.999496
0.9999
0.806442
0.97921
0.915621
0.980521
0.963149
0.755016
0.67831
0.85097
0.760744
0.981366
0.910469
0.906484
0.997526
0.979353
0.999712
0.985675
0.999705
0.998431
0.998022
0.998136
0.998073
0.997368
0.99815
0.997505
0.998998
0.997661
0.991676
0.961744
0.959638
0.990434
0.998567
0.965485
0.997881
0.998419
0.999606
0.999887
0.998056
0.993087
0.999804
0.999802
0.999805
0.986093
0.999541
0.786343
0.785726
0.980638
0.918029
0.999675
0.990068
0.996048
0.993432
0.872975
0.996128
0.989954
0.990031
0.989927
0.685614
0.980446
0.990863
0.907465
0.933428
0.932168
0.990258
0.999098
0.883067
0.999092
0.980202
0.617495
0.988112
0.958617
0.99988
0.998921
0.999308
0.995116
0.999321
0.996717
0.998914
0.936244
0.995296
0.999447
0.999437
0.999461
0.959928
0.99133
0.99571
0.89225
0.940681
0.916228
0.998858
0.614811
0.999607
0.99993
0.944517
0.989288
0.972722
0.999709
0.990442
0.964859
0.999438
0.981494
0.999155
0.999068
0.999098
0.999866
1
0.998392
0.999902
0.999699
0.999677
0.99917
0.999696
0.999671
0.996385
0.9102
0.969937
0.97679
0.976786
0.97622
0.998365
0.992446
0.998444
0.987929
0.998443
0.998417
0.998091
0.9981
0.998117
0.998101
0.998094
0.9981
0.998011
0.998101
0.999307
0.999749
0.997231
0.984304
0.999845
0.999598
0.999125
0.988115
0.999603
0.999664
0.999499
0.999571
0.999623
0.993296
0.999581
0.999391
0.999519
0.999379
0.998755
0.997497
0.94536
0.99948
0.999502
1
0.988102
0.988064
0.98806
0.988092
0.988085
0.988049
0.98805
0.999656
0.968623
0.99539
0.995385
0.995336
0.994798
0.995395
0.995338
0.995338
0.995304
0.994172
1
0.98954
0.520418
0.996664
0.999853
0.907774
0.998576
0.911145
0.999568
0.995692
0.999348
0.98366
0.983388
0.99117
0.976379
0.991265
0.991098
0.991352
0.999478
0.917679
0.99955
0.999437
0.999564
0.941682
0.999555
0.966409
0.999736
0.999357
0.999548
0.999551
0.920441
0.999549
0.99982
0.629604
0.978873
0.998191
0.874398
0.999629
0.999636
0.988761
1
0.959912
0.979132
0.999685
0.999719
0.999975
0.999989
1
1
0.953186
0.983252
0.999798
0.991755
0.995273
0.997873
0.997204
0.994509
0.99713
0.994633
0.997266
0.998567
0.990434
0.999259
0.997982
0.999792
0.98934
0.999818
0.999816
0.999816
0.982757
0.999775
0.999815
0.991334
0.989147
0.99894
0.977182
0.996893
0.998902
0.978243
0.993564
0.996893
0.96587
0.99525
0.963068
0.958111
0.999876
0.999876
0.997809
0.999854
0.999919
0.999841
0.999929
0.986066
0.992736
0.999927
0.999934
0.999929
0.931113
0.996355
0.996076
0.996097
0.996147
0.996168
0.999469
0.996077
0.935321
0.987458
0.966692
0.985002
0.999617
0.998584
0.940875
0.99715
0.788034
0.997038
0.99693
0.968847
0.972518
0.975974
0.998567
0.990434
0.999368
0.999141
0.999957
0.999992
1
0.996349
0.532466
0.989888
0.989888
0.999983
0.999818
0.999797
0.47118
0.999807
0.999793
0.999762
0.999789
0.998771
0.999763
0.999805
0.998241
0.999819
0.999751
0.953905
0.999322
0.999339
0.997538
0.969469
0.999294
0.94504
0.999301
0.999297
0.998067
0.9993
0.998487
0.999322
0.999241
0.999183
0.999249
0.999303
0.99934
0.999331
0.997441
0.998204
0.996114
0.998203
0.996114
0.996651
0.998176
0.996114
0.998203
0.996114
0.996114
0.999336
0.999374
0.95437
0.936384
0.988957
0.980697
0.977798
0.978993
0.989274
0.971595
0.976058
0.967695
0.641632
0.918387
1
0.967548
0.913079
0.98731
0.991562
0.975582
0.984667
0.995113
0.975171
0.994648
0.999986
0.915706
0.963152
0.808546
1
0.99998
0.999215
0.999491
0.999508
0.987521
0.934763
0.997167
0.997167
0.967844
0.986927
0.967403
0.999878
0.999888
0.999099
0.999882
1
0.999766
0.999664
0.998186
0.999747
0.999753
0.988601
1
0.999598
0.999599
0.999599
0.999603
0.99922
0.999417
0.993712
0.999604
0.999599
0.999201
0.99959
0.999597
0.999599
0.99967
0.999599
0.998965
0.999599
0.999599
0.999594
0.999599
0.999599
0.999873
0.999911
0.925596
0.99913
0.991287
0.999115
0.996814
0.994045
0.993699
0.999114
0.999115
0.999119
0.999105
0.999116
0.999114
0.998874
0.996948
0.998855
0.999116
0.999113
0.999103
0.995562
0.999768
0.999935
0.999186
0.949253
0.999935
0.997887
0.982603
0.998472
0.997477
0.998514
0.920861
0.976789
0.999998
0.973273
0.983574
0.997709
0.990434
0.998567
0.999976
0.839272
0.863113
0.802252
0.997708
0.96858
0.880251
0.999787
0.990434
0.998567
0.912221
0.576519
0.997376
0.989971
0.997308
0.996512
0.996881
0.995075
0.991003
0.997244
0.99575
0.995507
0.980417
0.987041
0.990163
0.992393
0.995164
0.995104
0.96391
0.999842
0.99374
0.99014
0.969647
0.998211
0.998182
0.992141
0.997036
0.985844
0.998221
0.993753
0.998217
0.986806
0.99827
0.99809
0.99781
0.995616
0.995449
0.999759
0.999838
0.999839
0.997815
0.999838
0.999156
0.864354
0.998118
0.998103
0.998126
0.998211
0.998116
0.883798
0.998064
0.998109
0.998305
0.985307
0.996419
0.993081
0.993186
0.970421
0.993215
0.978569
0.991989
0.984387
0.908166
0.993064
0.993181
0.999997
0.865771
0.983685
0.999514
0.999706
0.999537
0.999499
0.998922
0.971605
0.999175
0.999528
0.999537
0.999381
0.999532
0.999535
0.999534
0.999545
0.983138
0.976227
0.999491
0.999151
0.999537
0.99861
0.999547
0.9995
0.792478
0.775235
0.772348
0.980486
0.999668
0.989661
0.999675
0.994661
0.999646
0.994804
0.991378
0.996005
0.996045
0.998726
0.998726
0.998726
0.998726
0.998726
0.998726
0.998726
0.998726
0.998726
0.998726
0.991872
0.998726
0.998726
0.998726
0.998726
0.998726
0.998726
0.998726
0.998726
0.998726
0.998726
0.998726
0.998726
0.998726
0.998726
0.998726
0.998726
0.854748
0.997932
0.985183
0.998062
0.984781
0.997525
0.997232
0.996944
0.998037
0.98973
0.998347
0.919894
0.987162
0.996283
0.996843
0.99645
0.990585
0.987348
0.995873
0.996836
0.981709
0.989473
0.989619
0.989625
0.690908
0.986025
0.993143
0.999219
0.999196
0.999063
0.998333
0.999222
0.998301
0.999222
0.993464
0.995147
0.999227
0.997544
0.990933
0.99905
0.990333
0.995813
0.994541
0.993949
0.993181
0.988812
0.994665
0.998749
0.99811
0.998616
0.998331
0.998639
0.972289
0.997977
0.998667
0.999133
0.998584
0.843746
0.947843
0.972278
0.940649
0.987736
0.966926
0.999555
0.997515
0.999588
0.741146
0.997146
0.999444
0.949594
0.969549
1
0.999998
1
0.990069
0.989343
0.989613
0.989573
0.99666
0.996453
0.996689
0.99667
0.996879
0.998859
0.865337
0.824308
0.954139
0.955412
0.970602
0.999698
0.999692
0.999683
0.999638
0.917829
0.99143
0.999683
0.989796
0.999682
0.967338
0.969764
0.5614
0.99466
0.992747
0.999785
0.997054
0.999436
1
0.998567
0.990434
0.999705
0.999712
0.985675
0.964192
0.973911
0.993567
0.969467
0.998646
0.998398
0.997716
0.995806
0.657621
0.997989
0.998049
0.985064
0.990003
0.938347
0.824373
0.999279
0.989551
0.999174
0.99953
0.999631
0.974958
0.999526
0.954091
0.932786
0.976703
0.977762
0.94137
0.976782
0.9975
0.988736
0.987924
0.980793
0.991495
0.999819
0.998701
0.999597
0.988037
0.968668
0.764983
0.999215
0.999655
0.991469
0.960392
0.988042
0.961431
0.990817
0.978008
0.968995
0.958944
0.983911
0.921775
0.983605
0.907593
0.97234
0.997553
1
0.999826
0.937167
0.997559
0.999923
0.891853
0.997409
0.955548
0.994705
0.975477
0.955573
0.99956
0.991124
0.991743
0.999949
0.995011
0.993787
0.994935
0.994626
0.995212
0.99379
0.987269
0.995413
0.995815
0.994731
0.994608
0.994735
0.986453
0.995229
0.995249
0.993199
0.995206
0.977464
0.995499
0.999974
0.430794
0.999994
0.954773
0.924097
0.94567
0.94851
0.921683
0.997241
0.999924
0.999946
0.998867
0.999539
0.983572
0.999762
0.961766
0.99501
0.999928
0.999926
0.999926
0.999748
0.998871
0.998423
0.991192
0.999969
0.958679
0.979673
0.990174
0.990743
0.991471
0.990654
0.991148
0.982098
0.964481
0.985612
0.983696
0.97886
0.969913
0.999824
0.999558
0.995608
0.844678
0.999555
0.999337
0.990348
0.889792
0.999558
1
0.641632
0.918387
0.98354
0.999686
0.999642
0.999641
0.991809
0.999644
0.997717
0.999904
0.999265
0.999885
0.999881
0.999835
0.995766
0.999857
0.999907
0.999907
0.999907
0.999908
0.999254
0.999891
0.999891
0.999907
0.998681
0.999907
0.999908
0.99242
0.772895
0.999663
0.999996
0.999996
0.999996
0.999996
0.969293
0.931111
0.998385
0.999573
0.999481
0.999258
0.990451
0.999241
0.890456
0.999756
0.999754
0.99974
0.99978
0.999718
0.989584
0.999726
0.999756
0.998801
1
0.999837
1
1
0.994744
0.979081
0.987087
0.99097
0.981386
0.991294
0.998729
0.994663
0.997652
0.998515
0.998293
0.998654
0.998594
0.998538
0.971562
0.998015
0.999102
0.998969
0.999856
0.999893
0.961974
0.998375
0.999892
0.999891
0.992391
0.999894
1
1
1
0.951666
0.994719
0.996761
0.994896
0.999544
0.999332
0.992114
0.975516
0.999467
0.999302
0.998899
0.983881
0.999884
0.805045
0.817111
1
0.924989
0.9617
1
0.998599
0.999993
0.99993
0.982956
0.983442
0.999993
0.989053
1
0.987262
1
1
0.931111
0.969293
0.997593
0.999573
0.999481
0.998865
0.996501
0.99831
0.98778
0.999984
0.994545
0.999267
0.99926
0.563642
0.916957
0.991306
0.979606
0.990632
0.99965
0.981315
0.95053
0.964859
0.998882
0.998865
0.998618
0.998851
0.986478
0.993049
0.984045
0.997442
0.972425
0.998743
0.982022
0.971983
0.971982
0.969451
0.974042
0.995274
0.999884
0.999885
0.999884
0.995749
0.999886
0.999249
0.999885
0.999891
0.999886
0.999763
0.999886
0.999881
0.999885
0.99988
0.999886
0.999598
1
0.998989
0.999323
0.999351
0.999072
0.999323
0.998855
0.87306
0.999323
0.999309
0.999323
0.969365
0.785831
0.869352
0.954789
0.998745
0.999967
0.999954
0.999938
0.981671
0.984868
0.996179
0.966874
0.980143
1
0.999999
0.999996
0.997728
0.9664
0.999999
0.999972
0.999993
0.999973
0.997345
0.999975
0.999956
0.98192
0.999788
0.999786
0.999786
0.999703
0.999724
0.999723
0.995081
0.945877
0.999541
0.999716
0.949407
0.999591
0.985646
0.99848
0.998562
0.952445
0.998561
0.994461
0.999864
0.999816
0.999869
0.933649
0.933308
0.952751
0.998125
0.999908
0.988232
0.99991
1
1
1
0.967846
0.972442
0.982154
0.969474
0.979313
0.994516
0.997048
0.684302
0.996075
0.959638
1
0.997741
1
1
0.87124
0.942111
0.921683
0.94851
0.94567
0.954773
0.924097
0.997045
0.999841
0.990321
0.922716
0.999865
0.946698
0.998222
0.99901
0.988786
0.998998
0.998866
0.999926
0.999974
0.964433
0.930796
0.881856
0.988052
0.989433
0.928595
0.803735
0.997234
0.999924
0.918387
0.641632
0.875748
0.993032
0.99301
0.983146
0.993559
0.99341
0.993598
0.993585
0.993451
0.98684
0.99359
0.993566
0.980548
0.99345
1
0.97134
0.999882
0.967599
0.911053
0.999346
0.995692
0.999567
0.997733
0.996233
0.998446
0.993689
0.99852
0.998497
0.964396
0.99854
0.997345
0.998272
0.998438
0.998507
0.997864
0.999156
0.999235
0.997294
0.998941
0.998785
0.994329
0.998933
0.98535
0.999383
0.999305
1
0.999981
0.991489
0.564047
0.999462
0.999492
0.994262
0.999221
0.997424
0.999437
0.999417
0.995904
0.999499
0.869135
0.997841
0.996134
0.99849
0.99944
0.982594
0.999905
0.99949
0.90159
0.999346
1
1
0.999961
0.994556
0.999114
0.976889
0.996918
0.997122
0.996206
0.997254
0.988167
0.998157
0.995505
0.993186
0.992626
0.996811
0.991395
0.998451
0.987956
0.999955
0.964395
0.999801
0.998714
0.999584
0.641618
1
1
0.997958
0.997958
0.998763
0.955011
0.999961
0.999953
0.989802
0.996276
0.996055
0.992859
0.999874
0.995349
0.997201
0.931361
0.982985
0.997465
0.964766
0.939588
0.998344
0.975713
0.999882
0.99991
0.99991
0.999911
0.983899
0.994782
0.999881
0.999904
0.995325
0.999734
0.99796
0.997977
0.997977
0.997974
0.997961
0.997976
0.997907
0.997971
0.997954
0.997974
0.99788
0.997977
0.9976
0.997975
0.997858
0.997976
0.997783
0.997916
0.997969
0.997977
0.997886
0.995775
1
0.990728
0.992795
0.997163
0.997281
0.912156
0.783252
0.987611
0.902303
0.86796
0.975755
0.971727
0.990862
0.793683
0.99991
0.99945
0.999961
0.999961
0.999592
0.999404
0.999804
0.978499
0.999804
0.999705
0.999201
0.999664
0.999805
0.991639
0.978807
0.837143
0.991295
0.991484
0.992143
0.993558
0.993141
0.993544
0.993739
0.9937
0.993358
0.992355
0.988183
0.993657
0.873026
0.990434
0.998567
0.999308
0.999696
0.999808
0.999808
0.964348
0.999817
0.999674
0.980101
0.999986
0.989433
0.999986
0.999988
0.999886
0.999569
0.999968
0.999886
0.998646
0.997907
0.999572
0.997472
0.999686
0.98939
0.996907
0.993435
0.998468
0.994413
0.999429
0.999732
0.999556
0.952847
0.908046
1
0.999397
1
1
0.944542
0.999833
0.992269
0.991185
0.991831
0.97501
0.974008
0.971723
0.998468
0.994079
0.993264
0.998426
0.980132
0.998526
0.998614
0.941266
0.919989
0.977923
0.918537
0.954635
0.963892
0.560988
0.999091
0.963473
0.979244
0.800105
0.886706
0.856906
0.899934
0.997358
0.998567
0.998716
0.918387
0.641632
0.999713
0.999849
0.999783
0.998184
0.998623
0.999781
0.974521
0.999783
0.999745
0.999778
0.999752
0.999752
0.999779
0.999742
0.999778
0.99894
0.999741
0.998683
0.998025
0.999222
0.998752
0.997577
0.998737
0.999991
0.987566
0.999805
0.99163
0.996191
0.996287
0.996376
0.996391
0.996393
0.996391
0.99637
0.996391
0.996391
0.996391
0.996378
0.996372
0.996285
0.996392
0.996392
0.996345
0.996394
0.961145
0.932959
0.933754
0.959383
0.945631
0.938776
0.942781
0.846058
0.951305
0.943287
0.912221
0.576519
0.944659
0.955266
0.799194
0.891179
0.898861
0.999699
0.999709
0.998844
0.998709
0.99776
0.99869
0.997023
0.998756
0.998831
0.575502
0.999908
0.999777
0.999621
0.999755
0.999778
0.996283
0.999606
0.999758
0.994962
0.999757
0.999516
0.992684
0.999357
0.560988
0.963473
0.931035
0.976346
0.998748
0.999557
0.999837
0.994459
0.998704
0.999848
0.999956
0.95933
0.994506
0.993499
0.912666
1
0.918976
0.999101
0.999976
0.983431
0.996987
0.936384
0.91643
0.978401
0.999396
0.99937
0.97837
0.999562
0.999585
0.999568
0.975519
0.998644
0.999587
0.982618
0.999586
0.999549
0.999602
0.999592
0.97082
0.999585
0.999422
0.999488
0.999583
0.999608
0.999595
0.999584
0.999225
0.999582
0.999183
0.998955
0.999903
0.999069
0.99982
0.983909
0.997613
0.997383
0.99543
0.997565
0.997477
0.997666
0.968001
0.945396
0.997716
0.997588
0.997557
0.995925
0.997473
0.999252
0.999651
0.999207
0.980143
0.991935
0.993221
0.993215
0.993122
0.995085
1
0.716709
0.99651
0.999945
0.999929
0.997792
0.919816
0.998419
0.99988
0.997881
0.999606
0.992501
0.993408
0.975634
0.970126
0.989753
0.974378
0.993882
0.994336
0.950128
0.982714
0.965436
0.999126
0.984532
0.962537
0.957737
0.997991
1
0.999878
0.999878
0.999885
0.994704
0.999473
0.999878
0.722984
0.996168
0.945366
0.941765
0.996649
0.996191
0.996225
0.994445
0.945587
0.999853
0.953918
0.999551
0.999851
0.989241
0.914404
0.999999
0.999999
0.999931
0.999522
0.999451
0.854964
0.999994
0.997315
0.995249
0.771867
0.994539
0.999026
0.999613
0.824308
0.902099
0.954139
0.998105
0.910548
0.991344
0.983304
0.95484
0.984532
0.999126
0.997782
0.93618
0.999308
0.999344
0.993904
0.999191
0.994076
0.999258
0.780846
0.941319
0.86624
0.993764
0.99215
0.991551
0.999912
0.991687
0.999926
0.999985
0.997301
0.999984
0.999913
0.999972
0.926995
0.49606
0.987371
0.997333
0.997367
0.99741
0.997413
0.985265
0.998623
0.998574
0.998599
0.9887
0.998242
0.997734
0.997622
0.998501
0.998621
0.998563
0.99857
0.998571
0.999934
0.962827
0.999927
1
1
0.999996
1
0.999942
0.999935
0.999945
0.999991
1
0.911166
1
0.997093
0.988417
0.984977
0.996973
0.999783
0.999754
0.999814
0.999787
0.952553
0.998184
0.999801
0.999743
0.998731
0.999755
1
0.973929
0.989542
0.996711
0.976559
0.999874
0.999823
0.999953
0.999873
0.999971
0.999825
0.999825
0.99567
0.999797
0.992263
0.998482
0.990434
0.998567
0.997407
0.990667
0.999071
0.999607
0.999962
0.999815
0.957482
0.988748
0.999962
0.990037
0.999868
0.99988
0.996695
0.999702
0.980551
0.994233
0.995632
0.982917
0.962345
0.985589
1
1
0.997409
0.974791
0.986157
0.984885
0.978188
0.998761
0.999595
0.998325
0.999579
0.958237
0.999995
0.999461
0.97885
0.999189
0.97148
0.999388
0.999384
0.996688
0.920278
0.999386
1
0.999499
0.999118
0.962763
0.970601
0.992967
0.998748
0.976346
0.931035
0.963211
0.998618
0.990434
0.998567
0.999863
0.999844
0.997367
0.938542
0.99986
0.985275
0.999868
0.999868
1
1
0.999833
1
0.997155
0.999626
0.974812
0.998304
0.998282
0.998249
0.99537
0.998355
0.998108
0.998367
0.998394
0.998352
0.998354
0.995822
0.998367
0.998351
0.998352
0.998729
0.991221
1
0.99985
1
0.997969
0.99943
0.969843
0.999302
0.99985
0.99863
0.993984
0.937481
0.998878
0.998231
0.997644
0.99954
0.999024
0.999977
0.999974
0.999975
0.998354
0.999637
0.999648
0.999649
0.998868
0.999649
0.998498
0.99965
0.836025
0.85306
0.887624
0.84359
0.952603
0.999956
0.99996
0.99957
0.805483
0.802609
0.819763
0.803776
0.954499
1
0.99967
0.984603
0.999863
0.999864
0.997815
0.999864
0.984262
0.999864
0.999855
0.999862
0.999588
0.999864
0.999371
0.999861
0.999855
0.998169
0.48768
0.648756
0.995581
0.99691
0.998866
0.997127
0.872972
0.803998
0.893657
0.990294
0.995391
0.994361
0.917693
0.977116
0.999828
0.999721
0.999698
0.999721
0.999569
0.999719
0.999718
0.99972
0.99957
0.99957
0.999419
0.999574
0.999571
0.999546
0.983872
0.99912
0.999074
0.998773
0.999316
0.999294
0.999203
0.999311
0.99926
0.999896
0.967116
0.945611
0.937632
0.998881
0.998828
0.998856
0.999754
0.997913
0.998989
0.996087
0.998515
0.989903
0.941958
0.999497
0.999544
0.999509
0.919099
0.996256
0.999364
0.998626
0.999497
0.999158
0.999503
0.910726
0.999511
0.999487
0.999378
0.907465
0.969748
0.999796
0.999674
0.99468
0.894419
0.99995
0.98686
0.999752
0.999629
0.985171
0.982742
0.985474
0.968925
0.981785
0.98866
0.995182
0.996037
0.993138
0.984145
0.990411
0.99164
0.99528
0.922007
0.874398
0.999629
0.988761
0.999636
0.999773
0.999771
0.999781
0.999773
0.996213
0.999633
1
0.99295
0.993544
0.992756
0.99103
0.984075
0.996197
0.975136
0.999744
0.962416
0.999727
0.839001
0.997656
0.997982
0.999388
0.999388
0.990009
0.945332
1
0.977982
0.978421
0.9739
0.946898
0.977307
0.976739
0.987253
0.988625
1
1
1
0.998567
0.990434
0.856906
0.800105
0.899934
0.886706
0.969584
0.987206
0.993064
0.996386
0.927463
0.990345
0.997271
0.992131
0.998828
0.999862
0.999641
0.516642
0.999863
0.958123
0.997932
0.95518
0.999345
0.999345
0.999376
0.999316
0.999299
0.999364
0.97419
0.999349
0.999316
0.999362
0.999942
0.981432
0.99939
0.999063
0.999917
0.999937
0.99994
0.99994
0.99439
0.999586
0.99953
0.995947
0.965013
1
0.999676
0.984845
0.999922
0.997626
0.975021
0.999142
0.971154
0.996511
0.999948
0.845456
0.999947
0.997233
0.999405
0.995755
0.996524
0.671444
0.947616
0.979294
0.996235
0.996566
0.989161
0.977619
0.997612
0.937123
0.999978
0.999853
0.999947
0.999903
0.999913
0.999952
0.999957
0.999048
0.999915
1
1
1
0.97488
0.974238
0.999907
0.980736
0.981712
0.980763
0.979717
0.980679
0.997524
0.997282
0.991585
0.997449
0.998444
0.997674
0.998469
0.996705
0.997465
0.998237
0.998493
0.830154
0.998386
0.998383
1
0.936019
0.999802
0.989724
0.997705
0.999805
0.999802
0.999777
0.999802
0.999251
0.996045
0.99978
0.999817
0.983206
0.999802
0.999244
0.999804
0.999943
0.737419
0.999481
0.999479
0.999638
0.99735
0.998103
0.999429
0.987557
0.999649
0.999707
0.999796
0.999864
0.999838
0.579032
0.999397
0.983041
0.962763
0.984285
0.981853
0.987971
0.996532
0.957349
0.998212
0.998706
0.996456
0.998718
0.996968
0.996477
0.996482
0.9959
0.996461
0.994088
0.998871
0.993034
0.998248
0.988071
0.992171
0.998164
0.997217
0.994091
0.997832
0.997182
0.984217
0.996367
0.946074
0.993981
0.991629
0.994564
0.994462
0.992934
0.994341
0.995699
0.99562
0.991817
0.982548
0.994684
0.950726
0.999472
0.992968
0.979062
0.999953
0.999954
0.804092
0.996761
0.997699
0.784345
0.99738
0.997375
0.997612
0.979755
0.982515
0.990468
0.984346
0.936089
0.997835
0.93767
0.995171
0.999677
0.911969
0.968043
0.99957
0.991231
0.991709
0.992765
0.99442
0.990945
0.990456
0.969748
0.999114
0.999752
0.999145
0.999745
0.938604
0.543071
0.950872
0.999213
0.999999
0.999999
0.930566
0.96047
0.930566
0.987615
0.996078
0.920035
0.977479
0.998682
0.337192
0.349974
0.441916
0.449756
1
1
0.993149
0.992169
0.998638
0.956981
0.990337
0.998546
0.980131
0.998593
0.998627
0.998426
0.984022
0.998907
0.995354
0.999408
0.986235
0.999637
0.978525
0.999462
0.999405
0.999408
0.943204
0.998567
0.990434
0.995873
1
0.991175
0.999255
0.999232
0.999173
0.999297
0.998615
0.99684
0.999264
0.927447
0.999257
0.999263
0.933099
0.999271
0.999245
0.999179
0.999036
0.999261
0.842713
0.785239
0.779448
0.790789
0.897473
0.974585
0.990434
0.998567
0.998541
0.999215
0.999411
0.999407
0.991607
0.999381
0.999413
0.999388
0.97209
0.999102
0.999166
0.985756
0.999168
0.998619
0.998683
0.958676
0.99915
0.997669
0.999122
0.999189
0.999168
0.80431
0.840172
0.856995
0.9814
0.992884
0.998893
0.999051
0.890075
0.999763
0.994576
0.958748
0.999766
0.991482
0.9829
0.999225
0.996994
0.994006
0.999147
0.958225
0.998578
0.99916
0.999203
0.999364
0.99987
0.999815
0.99968
0.996056
0.999869
0.999327
0.999868
0.997402
0.984929
0.999142
0.931598
0.999872
0.994596
0.998758
0.999867
0.999619
0.999653
0.999478
0.972368
0.910895
0.997223
0.999675
0.999335
0.999274
0.999335
0.999284
0.99773
0.959412
1
0.999913
0.999763
0.99996
0.999734
0.99939
0.99642
0.999891
0.997235
0.999975
0.999879
0.99983
0.999976
0.999807
0.999879
0.999991
0.990734
0.969048
0.999938
0.999999
0.999999
0.999999
0.912221
0.576519
0.999684
0.992444
0.969015
0.722922
0.700864
0.676143
0.982507
0.981115
0.992542
0.942324
0.999887
0.935058
0.962709
0.999551
0.998138
0.988313
0.761038
0.999185
0.979526
0.997657
0.991834
0.903871
0.999926
0.999911
0.999939
0.998115
0.999937
0.999926
0.999388
0.999939
0.999934
0.999939
0.982994
0.999939
0.998887
0.999939
0.944759
0.989475
0.971659
0.999012
0.998397
0.998959
0.999032
0.999007
0.994323
0.998945
0.990434
0.998567
0.998659
0.999105
0.999206
0.999092
0.998409
0.999128
0.99914
0.995937
0.995977
0.995922
0.995946
0.701589
0.715371
0.73732
0.980509
0.997633
0.979279
0.999389
0.999394
0.999393
0.999399
0.974847
0.940816
0.983338
0.996975
0.623343
0.997432
0.995773
0.902602
0.99749
0.997941
0.958123
0.991494
0.972845
0.987044
0.998922
0.999344
0.999461
0.999333
0.991674
0.999199
0.999493
0.999502
0.898996
0.929091
0.994741
0.994299
0.991103
0.998508
0.999377
0.994721
0.994211
0.986435
0.994284
0.958425
0.994335
0.99486
0.993349
0.930732
0.99447
0.994411
0.910968
1
1
0.95395
0.989781
0.99214
0.998656
0.998968
0.999285
0.999301
0.966212
0.998136
0.998074
0.998138
0.989854
0.99148
0.99856
0.99848
0.998562
0.985646
0.952445
0.951666
0.992025
0.983338
0.999877
0.999953
0.999876
0.999808
0.995978
0.999971
0.988628
0.999973
0.999969
0.990528
0.996482
0.999952
0.936079
0.933431
0.945713
0.917967
1
0.513938
0.439182
0.367228
0.362305
0.998966
0.96358
0.997349
0.960012
0.99174
0.999863
0.999847
0.998022
0.99219
0.999863
0.99993
0.936167
0.993587
0.980101
0.999902
0.948668
0.999911
0.982298
0.999523
0.999517
0.47118
0.999531
0.9989
0.999543
0.999534
0.91254
0.999475
0.999238
0.999536
0.996531
0.994638
0.993606
0.910328
0.990993
0.996595
0.99676
0.994492
0.994005
0.989129
0.989047
0.996014
0.993167
0.918944
0.990018
0.995747
0.99794
0.997552
0.969048
1
0.975748
0.981885
0.96265
0.99763
1
0.99949
0.999515
0.99937
0.989455
0.936025
0.999349
0.984797
0.971845
0.985966
0.87626
0.850233
0.999759
0.958776
0.999756
0.994576
0.99148
0.890167
0.996842
0.996717
0.996873
0.990636
0.996698
0.996778
0.996721
0.996707
0.996727
0.981972
0.996755
0.996818
0.996792
0.994719
0.996722
0.986803
0.998734
0.984009
0.999251
0.932698
0.959638
0.937663
0.993756
0.99736
0.999161
0.997352
0.997228
0.958568
0.999999
0.992756
0.998911
0.998669
0.99924
0.99909
0.998944
0.997629
0.999133
0.708165
0.999523
0.999889
0.999874
0.999865
0.999895
0.999865
0.999827
0.9999
0.989282
0.869316
0.998693
0.998749
0.994374
0.849387
0.998539
0.999852
0.997969
0.999853
0.999853
0.998201
0.999851
0.99978
0.999852
0.996992
0.999715
0.932401
0.980143
1
0.997407
0.999289
0.998931
0.999787
0.999244
0.999842
0.998567
0.990434
0.945768
0.996907
0.997017
0.995907
0.997015
0.891584
0.997022
0.996412
0.985965
0.997005
0.99216
0.99127
0.993396
0.999468
0.995017
0.999235
0.780408
0.999376
0.999452
0.999466
0.999458
0.999514
0.993041
0.999382
0.999485
0.619287
0.740489
0.720746
0.742855
0.999992
0.999888
1
0.999888
0.99985
0.999979
0.999846
0.999825
0.994959
0.998103
0.96432
0.995427
1
0.980515
0.984627
0.997235
0.999453
0.999414
0.994216
0.999402
0.999403
0.999439
0.968039
0.960679
0.998585
0.641632
0.918387
0.999975
0.999977
0.999974
0.990434
0.998567
0.998579
0.998433
0.99821
0.990884
0.998031
0.826352
0.997965
0.999001
0.957236
0.978032
0.99079
0.99927
0.999431
0.999496
0.934579
0.918965
0.96082
0.999906
1
1
0.982152
0.794167
0.999427
0.997365
0.988577
0.999427
0.999374
0.996393
0.999209
0.996463
0.998464
0.999427
0.998055
0.999378
0.999422
0.999424
0.999427
0.999428
0.999033
0.999428
0.999427
0.999214
0.999415
0.999427
0.995799
0.999432
0.999433
0.995256
0.999425
0.9994
0.999422
0.999514
0.998856
0.999294
0.995817
0.988488
0.972006
0.979417
0.98655
0.983904
0.973422
0.939868
0.98007
0.933351
0.945922
0.986733
0.975201
0.997319
0.864146
0.997806
0.997253
0.844332
0.997382
0.991504
0.998548
0.998554
0.998543
0.998532
0.998542
0.998546
0.998552
0.998544
0.998534
0.998544
0.988824
0.99848
0.99856
0.998543
0.998551
0.988412
0.998544
0.998549
0.998226
0.999203
0.993073
0.999198
0.998832
0.998986
1
0.993925
0.88818
0.997833
0.899542
0.997908
0.997871
0.998075
0.960231
0.98311
0.961317
0.998615
0.99849
0.80396
0.99851
0.999971
0.999964
0.998424
0.998444
0.999854
0.999951
0.99979
0.998391
0.997296
0.997936
0.998309
0.997715
0.993064
0.995435
0.997019
0.998342
0.995958
0.998322
0.983739
0.996973
1
0.916466
0.99959
0.999409
0.950355
0.99971
0.999746
0.999544
0.999818
0.999665
0.992352
0.999779
0.999775
0.783176
0.699398
0.99793
0.984653
0.73572
0.976504
0.992626
0.987948
0.999035
0.998641
1
0.998611
0.998738
0.998671
0.998585
0.998963
0.999116
0.998686
0.998726
0.994103
0.95882
0.963627
0.957187
0.909734
0.979306
0.997484
1
0.843054
0.868116
0.676137
0.99987
0.999875
0.999635
0.99984
0.999606
0.997881
0.998554
0.99902
0.999077
0.99375
0.99828
0.859806
0.999032
0.999039
0.999542
0.901067
0.991332
0.999912
0.999914
0.981748
0.999688
0.999382
0.99969
0.999692
0.991094
0.998782
0.583813
0.999395
0.999763
0.998663
0.998206
0.999855
0.998042
0.998956
0.998794
0.998169
0.998435
0.99677
0.991768
0.996772
0.99686
0.996127
0.878657
0.974826
0.999564
0.999525
0.998974
0.999523
0.999495
0.999516
0.999461
0.998648
0.999478
0.999532
0.985893
0.985408
0.999522
0.996659
0.993937
0.997193
0.997238
0.996477
0.995536
0.990151
0.996647
0.995428
0.994241
0.99506
0.994458
0.994783
0.997137
0.996928
0.997237
0.997246
0.999917
0.999902
0.997012
0.999752
0.907465
0.999666
0.98413
0.99937
0.964859
0.999034
0.994848
0.999062
0.999105
0.999027
0.999181
0.999045
1
1
1
0.99989
0.938003
0.999827
0.998891
0.999979
0.88648
0.998566
0.943473
0.976267
0.980901
0.980636
0.980637
0.97736
0.99763
