siamese model  object initialized
defined training operations
initializing global variables
nginx-{openssl-1.0.1d}{zlib-1.2.11}
init testing binary
graph loaded
/home/yijiufly/Downloads/codesearch/data/versiondetect/test3/nginx/nginx-{openssl-1.0.1d}{zlib-1.2.11}/nginx-{openssl-1.0.1d}{zlib-1.2.11}_bn.dot
edges loaded
n-gram loaded
using redis

Start query for test data
0
0
0

235
12
18

45
60
10

0
0
4

239
14
14

2
8
8

0
1
2

15
15
20

1
2
5

39
17
11

2
3
4

0
0
8

0
0
0

0
0
0

104
10
10

3422
38
4697

321
98
45

321
99
46

4614
140
51

321
99
46

5
122
51

321
132
51

5
87
45

143
96
49

143
95
48

321
131
51

405
131
4698

1
1
1

6
146
15

546
10
12

6
6
6

0
0
3

75
55
213

2649
63
244

2
2
510

75
82
371

11
10
131

59
143
13744

389
16
16

66
10
37

546
11
16

42
1137
207

0
0
0

0
0
265

0
140
256

475
209
7318

11
10
813

2
201
281

2
201
281

2
201
281

475
167
1494

16
40
14

1
2
3

10
12
706

1
1
7309

7
108
416

0
145
817

3
8
205

149
16
137

1
1
3564

23
14
7320

76
10
57

0
0
1

97
151
33

235
11
12

230
62
85

2
3
29

25
18
26

0
0
0

2
4
6

1
1
1

57
216
319

491
19
547

491
58
397

4662
87
13778

23
308
240

148
50
13750

148
50
13750

280
104
453

280
78
197

148
593
13744

154
10
13

148
51
398

280
83
369

180
10
315

21
13
127

280
78
2805

48
19
43

6
26
7323

0
0
34

11
10
10

0
0
0

2
2
108

0
0
0

1
1
1

0
0
1073

38
35
295

1
39
7321

260
48
70

260
13
70

103
50
7321

9
9
9

4662
53
746

75
18
7322

0
21
142

0
2
497

0
21
142

2
2
3

0
0
0

1
3
40

1
1
133

0
0
6

0
0
0

0
0
62

0
1
3

2
2
5

1
140
130

104
11
240

546
14
73

1
1
1

8
12
15

0
0
0

0
0
622

3
5
34

0
6
628

0
0
622

0
2
624

0
1
623

0
2
624

0
20
35

389
12
59

1632
172
169

5500
42
86

2
1129
240

3
3
3

23
13
288

0
0
40

230
19
19

12
13
15

0
0
31

183
25
22

6
6
1408

546
14
13

5
5593
13

48
371
26

867
58
62

0
2
4

4
4
4

2
2
2

11
12
35

0
0
0

0
0
10

0
0
0

0
0
1073

50
298
186

24
41
2171

0
0
1

0
239
280

1
1
1

1
1
13

0
1
1

0
0
1

0
0
0

0
0
0

19
690
31

342
2717
522

867
67
561

220
698
296

7
79
262

2
2
7

2649
708
153

5500
104
321

1632
730
355

5500
702
163

1
118
483

24
93
4688

0
82
13744

1632
77
290

0
20
13745

1632
251
1538

1
31
93

1
118
483

22
37
81

0
0
14

0
0
0

1
1
1

2
2
13

4
4
9

0
0
0

1
2
3

4
4
7

0
86
473

0
0
0

5
5
6

47
52
13

47
55
14

2
5
5

0
3
3

1
1
36

73
14
13

346
309
2757

1
295
13746

346
269
2755

31
4910
13746

346
309
2757

346
309
2753

73
313
2758

18
266
2756

56
1137
143

41
4926
13746

73
273
2755

346
309
2757

16
2247
13747

1
255
292

5
272
525

0
747
21

31
286
279

346
269
3577

90
153
16

0
2234
2753

0
0
226

0
2
0

0
0
0

103
12
13

1
1
51

0
0
230

0
0
78

3
3
171

0
0
24

0
1127
237

35
12
19

1632
182
1466

1632
46
908

0
21
21

161
14
21

91
155
175

11
10
10

1
101
19

32
128
426

364
132
430

364
133
430

32
128
426

32
69
778

4
9
631

0
1473
635

59
17
129

0
1085
643

45
52
269

2
9
30

59
12
84

0
4
13

546
16
73

1
8
143

1
1
13

0
1
1

1359
3581
806

1
3570
53

1
3570
13

5500
3582
807

117
3579
4689

777
286
814

39
62
12

364
98
131

96
28
244

47
42
632

1
2
232

0
5
119

45
145
62

0
1
623

4
6
1079

0
28
10

235
12
14

0
0
0

161
11
7319

29
18
95

12
70
65

191
11
7319

546
13
131

5
50
544

230
14
57

57
132
247

1
282
13748

147
757
242

462
458
7324

16
1974
13746

169
14
13

0
0
86

10
10
10

0
0
0

73
3792
2777

2445
43
411

797
311
2759

428
281
241

23
14
317

31
333
145

126
3787
252

4614
320
55

42
39
126

2649
205
66

73
238
2757

428
3851
347

797
28
2759

1
3
5

0
0
0

0
0
158

6
7
165

0
11
168

4
6
8

53
98
1492

6
94
323

117
49
151

76
10
43

382
3580
559

0
0
0

0
1
84

1
2
27

0
2
36

546
11
10

0
0
0

3
3
5

1
39
10

0
0
4

0
0
66

0
0
278

0
0
0

0
8
44

12
10
116

544
232
343

40
10
16

0
222
344

90
479
544

575
5620
567

0
0
803

0
0
803

2
2
255

0
15
10

181
10
145

1
1
35

0
0
0

27
16
34

52
29
850

0
14
84

52
14
850

0
0
0

0
8
27

2
2
2

23
17
147

11
14
16

2
2
3

0
0
0

0
0
4

0
0
0

85
33
284

85
37
668

4662
34
1681

9
11
427

151
10
70

34
103
779

81
25
652

315
77
2177

86
49
144

4329
19
2175

315
55
2177

7
7
25

2
2
24

0
23
11

23
3785
734

13
3786
69

546
47
35

1
2
129

1
2
3

11
10
70

1
1
1

2
2
7

11
10
10

64
10
36

2
48
7348

1
61
253

4662
100
2220

2
9
488

491
189
129

75
59
7346

4
47
711

0
0
8

34
86
44

0
0
0

4
4
4

17
34
12

17
14
15

12
12
192

0
0
4

0
685
93

0
1
1

1
1
3

1
1
1

1
1
37

0
1
10

0
0
2

29
9
9

0
0
0

0
0
56

6
6
6

51
10
11

0
0
1

0
0
3

6
4
13

18
18
21

0
0
0

0
0
0

1
1
1

0
0
0

97
17
18

546
11
25

230
10
25

0
0
0

0
0
0

0
0
16

0
1
1

0
0
7

104
49
134

417
17
253

42
46
12

80
20
14

147
26
505

566
3583
503

0
417
58

1359
267
92

80
163
42

1359
268
70

566
227
90

566
427
146

15
10
62

2
5
8

0
3
9

18
10
11

0
3
9

0
13
56

98
60
45

1359
72
11

59
63
11

342
51
50

0
0
0

11
11
43

546
11
131

1
2
12

0
0
1

72
51
29

7
7
412

6
9
482

104
51
11

0
0
2

4
5
42

19
10
16

0
0
0

3
3
3

610
14
7558

64
16
7557

0
0
0

20
26
87

0
0
0

63
14
34

96
15
244

45
44
427

96
44
246

28
1487
850

1
3
642

96
25
241

28
1487
874

151
22
252

102
15
1088

151
23
27

45
50
61

364
32
782

0
5
5

321
28
95

23
40
26

85
12
86

2
74
572

0
0
8

0
0
24

389
10
28

546
10
10

0
163
16

0
0
0

4
4
8

0
16
2

3
6
8

315
16
781

40
179
651

0
0
495

16
128
1305

0
6
72

3
12
257

78
10
10

47
54
603

575
5602
52

3422
125
603

575
208
21

31
14
51

0
0
56

21
494
78

552
383
1426

193
33
59

338
5599
57

338
5599
60

575
206
1417

338
421
65

1
1
2

0
0
1

5
5
5

230
10
262

17
17
66

3
297
12

321
182
104

31
10
10

389
12
32

0
0
0

63
15
31

235
10
15

0
0
50

239
11
315

101
26
29

0
0
25

0
3
4

5500
3586
13753

16
3579
13761

20
4380
13755

21
60
11

5500
548
4695

34
1156
35

1359
3788
337

1359
3791
304

2445
4389
13764

4614
4389
13760

50
19
240

17
14
240

0
33
489

12
20
241

31
10
59

1
1
1648

19
10
20

610
383
550

1
149
495

136
10
10

1
1
84

124
52
36

389
10
30

0
0
1

0
0
0

234
32
39

7
8
269

42
501
704

0
485
4446

11
496
4445

0
0
0

0
0
8

97
17
14

0
2
4

0
3
4

230
10
21

0
0
0

0
0
0

6
9
18

7
4
53

230
16
262

161
35
20

2
3
4

119
13
13

39
27
10

0
116
496

0
84
161

43
15
21

8
150
13755

0
480
215

1359
15
257

0
1
547

8
19
813

0
0
696

0
29
1499

1
1
21

610
249
633

0
3
625

0
3
625

13
14
79

0
3
625

0
3
625

0
3
625

0
31
638

0
3
625

0
3
625

2
6
1079

0
3
625

0
3
625

0
0
0

1
1
2

0
0
0

26
5598
566

123
701
1424

161
25
26

0
4
112

47
712
10

97
11
23

17
11
11

546
12
68

0
0
2

0
0
102

230
10
10

3162
47
98

117
19
12

121
11
58

230
10
14

5
15
16

0
3
408

316
12
287

524
15
55

0
0
0

2
2
254

2
30
252

230
72
23

17
22
708

2
4
6

2
51
464

17
22
708

0
37
43

2
3
67

2
9
20

0
0
8

180
11
18

64
100
87

2
4
68

0
25
45

6
6
6

0
0
0

3
1130
49

0
0
0

8
488
18

0
0
0

108
14
17

73
11
17

1
1
8

6
5594
932

777
420
22

211
5598
4693

15
1137
20

29
424
891

2
2
4

47
420
4688

47
2972
923

1
5589
4691

39
5599
4697

47
2972
4689

47
360
928

21
420
890

0
5588
943

4
5592
74

101
24
52

1
1
19

230
11
178

5
15
12

342
3579
586

39
696
17

1632
197
88

0
12
15

0
0
6

239
10
126

0
1
206

3
8
29

96
32
248

2
2
2

8
28
49

151
112
242

7
27
633

1
1
1

154
35
131

546
10
25

0
26
13

0
0
0

110
21
505

180
10
16

2
4
44

5
5
5

43
220
40

2649
58
76

73
312
13749

1
2
2

7
85
23

20
88
632

2445
40
639

33
765
102

42
83
131

312
312
870

0
1127
162

6
328
18

0
4367
561

35
10
24

239
24
192

6
1133
74

0
1
1

48
2973
4692

16
4381
4690

0
0
0

546
13
288

1
2
4

1
1
91

15
17
204

15
129
71

0
0
0

0
1127
12

0
22
243

0
0
5

0
0
230

108
10
12

544
97
71

364
14
21

364
13
13

3
3
20

7
7
175

1
1
1

0
0
68

70
10
28

4
8
238

16
10
54

16
10
15

0
0
0

18
10
10

546
13
73

3
4902
7442

364
19
253

33
4918
7433

29
332
251

33
4918
7439

180
132
7334

1
106
7323

797
286
253

3
4902
7437

33
4922
7439

86
57
723

364
36
718

78
80
88

1
2
134

9
10
11

6
9
12

2
9
41

0
0
1

0
0
3

0
0
0

364
3786
302

40
23
41

70
25
23

19
18
703

1
1
13

1
3
6

0
0
52

1
2
9

1
1
1

1
8
8

0
0
0

161
10
36

4
4
4

6
7
21

3
4
7

0
0
0

1
1
1

4
11
24

0
0
3

0
94
25

1
2
880

5
6
75

0
0
0

0
0
0

6
9
11

0
0
0

1
1
2

13
17
97

2
10
632

0
27
855

6
65
88

13
11
12

1
142
228

235
12
18

0
0
50

0
0
4

8
8
8

2
4
78

136
10
10

12
15
14

6
152
1412

0
40
276

69
10
35

38
5599
170

26
65
814

151
10
240

22
188
82

407
16
4445

70
10
31

1
3
1650

70
16
240

85
13
274

48
758
31

110
10
17

0
0
1

407
10
2171

151
12
12

546
10
10

0
139
14

0
0
0

0
417
293

0
14
11

2
334
17

0
0
0

0
15
70

59
13
82

0
0
0

0
3
3

80
61
56

27
17
40

1
3
27

417
155
862

1
1
108

8
24
28

179
35
51

524
22
861

0
2
31

389
10
12

0
0
1

1
1
5

0
5
808

92
12
30

56
10
43

35
19
19

69
10
271

2
2
130

59
17
852

86
14
141

16
10
295

3
3
3

0
0
9

0
0
76

73
10
30

1
3
4

20
10
20

70
17
32

20
12
262

389
10
23

3
7
412

35
27
27

5
5
10

24
16
598

9
9
705

101
14
42

3162
18
66

0
0
0

6
6
8

101
12
17

0
0
1

0
0
8

143
35
13747

9
33
85

20
11
7557

33
23
13745

1
23
4689

2
10
10

2649
52
50

1632
212
28

239
10
262

239
10
262

98
22
203

4614
5608
18

298
360
10

42
10
315

575
5599
3595

62
16
246

78
10
28

0
2
4

30
21
94

27
10
34

0
0
60

0
0
0

0
2
37

0
0
0

0
0
22

0
0
0

59
13
89

3
3
3

103
10
11

26
4910
13803

2
497
7319

2
497
7319

2
4901
7364

2
4901
7338

797
170
713

797
341
252

797
18
251

3
498
7320

3
498
7320

351
132
724

2
497
7319

2
62
45

0
0
31

11
10
10

11
10
10

1
6
5

230
14
179

1
1
34

0
1
39

17
18
32

0
685
10

1
2
10

119
10
15

104
62
20

44
14
158

6
9
556

2
2
8

2
2
9

0
0
2

4
5
6

1
1
1

6
6
6

0
25
46

59
37
17

389
10
27

407
10
10

407
10
7557

66
10
100

407
10
10

3422
730
46

227
695
52

867
429
201

39
361
14

197
695
804

197
5599
820

1
1
1

2
5590
815

197
420
85

39
5598
53

197
5603
810

100
17
263

546
13
70

169
14
13

150
2973
138

0
6
15

0
200
210

3
4
5

2
2
7

30
16
16

30
16
143

0
0
0

0
5
5

28
27
79

3162
248
251

2
13
13

19
11
11

70
10
10

0
0
68

1
1
3

0
0
50

1
2
1

1
5
7

2
12
88

3
182
106

258
123
7421

0
81
11

0
1
640

0
3
4438

0
0
2

2
4
64

11
10
10

5
5
5

9
9
15

0
15
599

9
9
29

0
60
288

0
0
17

0
0
6

0
0
0

110
12
19

0
0
12

42
206
7557

12
206
13745

4662
149
7638

4662
97
7595

131
204
7557

4662
193
7602

12
206
7558

4662
278
7631

4662
286
7639

4662
274
7627

12
206
7558

12
206
7558

12
206
13745

4662
194
7596

524
139
1668

4662
169
7627

42
206
7559

4662
225
7634

42
206
13744

4662
281
7634

131
204
7558

4662
72
7596

258
20
1310

all has done, time: 65.9961659908
LBP ran for 0 iterations. Converged = 0
265 632 0.419303797468 632
--- 114.334071875 seconds ---
